    29
     1               0
     2            0.05
     3             0.1
     4            0.15
     5             0.2
     6            0.22
     7            0.24
     8            0.26
     9            0.28
    10             0.3
    11            0.32
    12            0.34
    13            0.36
    14            0.38
    15             0.4
    16            0.42
    17            0.44
    18            0.46
    19            0.48
    20             0.5
    21            0.52
    22            0.54
    23            0.56
    24            0.58
    25             0.6
    26            0.65
    27             0.7
    28            0.75
    29             0.8
     1               1
     2               1
     3               1
     4               1
     5               5
     6               5
     7               5
     8               5
     9               5
    10               5
    11               5
    12               5
    13               5
    14               5
    15               5
    16               5
    17               5
    18               5
    19               5
    20               5
    21               5
    22               5
    23               5
    24               5
    25               1
    26               1
    27               1
    28               1
