    25
     1               0
     2            0.05
     3             0.1
     4            0.15
     5             0.2
     6           0.225
     7            0.25
     8           0.275
     9             0.3
    10           0.325
    11            0.35
    12           0.375
    13             0.4
    14           0.425
    15            0.45
    16           0.475
    17             0.5
    18           0.525
    19            0.55
    20           0.575
    21             0.6
    22            0.65
    23             0.7
    24            0.75
    25             0.8
     1               1
     2               1
     3               1
     4               1
     5               5
     6               5
     7               5
     8               5
     9               5
    10               5
    11               5
    12               5
    13               5
    14               5
    15               5
    16               5
    17               5
    18               5
    19               5
    20               5
    21               1
    22               1
    23               1
    24               1
