    20
     1               0
     2 0.052631578947368
     3 0.10526315789474
     4 0.15789473684211
     5 0.21052631578947
     6 0.26315789473684
     7 0.31578947368421
     8 0.36842105263158
     9 0.42105263157895
    10 0.47368421052632
    11 0.52631578947368
    12 0.57894736842105
    13 0.63157894736842
    14 0.68421052631579
    15 0.73684210526316
    16 0.78947368421053
    17 0.84210526315789
    18 0.89473684210526
    19 0.94736842105263
    20               1
     1               1
     2               1
     3               1
     4               1
     5               1
     6               1
     7               1
     8               1
     9               1
    10               1
    11               1
    12               1
    13               1
    14               1
    15               1
    16               1
    17               1
    18               1
    19               1
    20               1
