                reflection coeff = 0.49454 -5.9568

       transmission coeff = 0.86916 -95.9568

     1 1.4927485689763 -1.9702900358482
     2 1.4499902913514 -8.1629509569722
     3 1.2852770967207 -15.360158765827
     4 1.0234413631782 -25.584392663372
     5 0.7197530144102 -44.063994850394
     6 0.59149543499035 -56.778113449998
     7 0.46274764838304 -76.796425054408
     8 0.39030320621624 -108.0467886103
     9 0.42820484486665 -142.1460262082
    10 0.54563870660402 -165.78831342046
    11 0.67857806599426 179.55302624318
    12 0.78857806327208 169.46860018009
    13 0.85589415896042 161.48881391965
    14 0.87105168700996 154.26881571381
    15 0.8320956900158 146.84117283252
    16 0.74417117140945 138.13802504472
    17  0.620737135109 126.43509723831
    18 0.48831328886762 108.42910234599
    19 0.39760036158577 79.574055241859
    20 0.41083632363563 44.572063968451
    21 0.51699184790815 18.395456570004
    22 0.65074065462896 2.2243113600483
    23 0.76785245367419 -8.5836559917626
    24 0.84551958672847 -16.881569348013
    25 0.87239975324486 -24.179282267002
    26 0.87149941763357 -42.06375055316
    27  0.870392431095 -59.990863515294
    28 0.86949831551866 -77.960641146325
    29 0.86915694210409 -95.956836282251
