   104    156
     1 0.67049406656666               0
     2 0.64764753527032 0.17353663405569
     3 0.58066489473346 0.33524703328333
     4 0.47411090121463 0.47411090121463
     5 0.33524703328333 0.58066489473346
     6 0.17353663405569 0.64764753527032
     7 4.1055920623408e-17 0.67049406656666
     8 -0.17353663405569 0.64764753527032
     9 -0.33524703328333 0.58066489473346
    10 -0.47411090121463 0.47411090121463
    11 -0.58066489473346 0.33524703328333
    12 -0.64764753527032 0.17353663405569
    13 -0.67049406656666 8.2111841246815e-17
    14 -0.64764753527032 -0.17353663405569
    15 -0.58066489473346 -0.33524703328333
    16 -0.47411090121463 -0.47411090121463
    17 -0.33524703328333 -0.58066489473346
    18 -0.17353663405569 -0.64764753527032
    19 -1.2316776187022e-16 -0.67049406656666
    20 0.17353663405569 -0.64764753527032
    21 0.33524703328333 -0.58066489473346
    22 0.47411090121463 -0.47411090121463
    23 0.58066489473346 -0.33524703328333
    24 0.64764753527032 -0.17353663405569
    25 0.83684347732189               0
    26 0.81586206416841 0.18621519214892
    27 0.75396992037423 0.36309277699656
    28 0.65427057646828 0.5217633738622
    29 0.5217633738622 0.65427057646828
    30 0.36309277699656 0.75396992037423
    31 0.18621519214892 0.81586206416841
    32 5.124188429448e-17 0.83684347732189
    33 -0.18621519214892 0.81586206416841
    34 -0.36309277699656 0.75396992037423
    35 -0.5217633738622 0.65427057646828
    36 -0.65427057646828 0.5217633738622
    37 -0.75396992037423 0.36309277699656
    38 -0.81586206416841 0.18621519214892
    39 -0.83684347732189 1.0248376858896e-16
    40 -0.81586206416841 -0.18621519214892
    41 -0.75396992037423 -0.36309277699656
    42 -0.65427057646828 -0.5217633738622
    43 -0.5217633738622 -0.65427057646828
    44 -0.36309277699656 -0.75396992037423
    45 -0.18621519214892 -0.81586206416841
    46 -1.5372565288344e-16 -0.83684347732189
    47 0.18621519214892 -0.81586206416841
    48 0.36309277699656 -0.75396992037423
    49 0.5217633738622 -0.65427057646828
    50 0.65427057646828 -0.5217633738622
    51 0.75396992037423 -0.36309277699656
    52 0.81586206416841 -0.18621519214892
    53 1.0032220804984               0
    54 0.98394544952835 0.19571891873813
    55 0.92685634673587 0.38391646918958
    56 0.83414867432537 0.55736032503291
    57 0.7093851361565 0.7093851361565
    58 0.55736032503291 0.83414867432537
    59 0.38391646918958 0.92685634673587
    60 0.19571891873813 0.98394544952835
    61 6.1429635485816e-17 1.0032220804984
    62 -0.19571891873813 0.98394544952835
    63 -0.38391646918958 0.92685634673587
    64 -0.55736032503291 0.83414867432537
    65 -0.7093851361565 0.7093851361565
    66 -0.83414867432537 0.55736032503291
    67 -0.92685634673587 0.38391646918958
    68 -0.98394544952835 0.19571891873813
    69 -1.0032220804984 1.2285927097163e-16
    70 -0.98394544952835 -0.19571891873813
    71 -0.92685634673587 -0.38391646918958
    72 -0.83414867432537 -0.55736032503291
    73 -0.7093851361565 -0.7093851361565
    74 -0.55736032503291 -0.83414867432537
    75 -0.38391646918958 -0.92685634673587
    76 -0.19571891873813 -0.98394544952835
    77 -1.8428890645745e-16 -1.0032220804984
    78 0.19571891873813 -0.98394544952835
    79 0.38391646918958 -0.92685634673587
    80 0.55736032503291 -0.83414867432537
    81 0.7093851361565 -0.7093851361565
    82 0.83414867432537 -0.55736032503291
    83 0.92685634673587 -0.38391646918958
    84 0.98394544952835 -0.19571891873813
    85 0.50414302000103               0
    86 0.4794685043167 0.15578876077583
    87 0.40786027077635 0.2963278322028
    88 0.2963278322028 0.40786027077635
    89 0.15578876077583 0.4794685043167
    90 3.0869856787837e-17 0.50414302000103
    91 -0.15578876077583 0.4794685043167
    92 -0.2963278322028 0.40786027077635
    93 -0.40786027077635 0.2963278322028
    94 -0.4794685043167 0.15578876077583
    95 -0.50414302000103 6.1739713575675e-17
    96 -0.4794685043167 -0.15578876077583
    97 -0.40786027077635 -0.2963278322028
    98 -0.2963278322028 -0.40786027077635
    99 -0.15578876077583 -0.4794685043167
   100 -9.2609570363512e-17 -0.50414302000103
   101 0.15578876077583 -0.4794685043167
   102 0.2963278322028 -0.40786027077635
   103 0.40786027077635 -0.2963278322028
   104 0.4794685043167 -0.15578876077583
     1     85      1      2
     2      2     86     85
     3     86      2      3
     4      3     87     86
     5     87      3      4
     6      4     88     87
     7     88      4      5
     8      5     89     88
     9     89      5      6
    10      6     90     89
    11     90      6      7
    12     90      7      8
    13      8     91     90
    14     91      8      9
    15      9     92     91
    16     92      9     10
    17     92     10     93
    18     93     10     11
    19     93     11     94
    20     94     11     12
    21     94     12     95
    22     95     12     13
    23     95     13     14
    24     95     14     96
    25     96     14     15
    26     96     15     97
    27     97     15     16
    28     97     16     98
    29     98     16     17
    30     99     98     17
    31     99     17     18
    32    100     99     18
    33    100     18     19
    34    100     19     20
    35    101    100     20
    36    101     20     21
    37    102    101     21
    38    102     21     22
    39    103    102     22
    40    103     22     23
    41    104    103     23
    42    104     23     24
    43     85    104     24
    44     85     24      1
    45      1     25     26
    46     26      2      1
    47      2     26     27
    48     27      3      2
    49      3     27     28
    50     28      4      3
    51      4     28     29
    52     29      5      4
    53      5     29     30
    54     30      6      5
    55      6     30     31
    56     31      7      6
    57      7     31     32
    58      7     32     33
    59     33      8      7
    60      8     33     34
    61     34      9      8
    62      9     34     35
    63      9     35     10
    64     10     35     36
    65     10     36     11
    66     11     36     37
    67     11     37     12
    68     12     37     38
    69     12     38     13
    70     13     38     39
    71     13     39     40
    72     13     40     14
    73     14     40     41
    74     14     41     15
    75     15     41     42
    76     15     42     16
    77     16     42     43
    78     16     43     17
    79     17     43     44
    80     18     17     44
    81     18     44     45
    82     19     18     45
    83     19     45     46
    84     19     46     47
    85     20     19     47
    86     20     47     48
    87     21     20     48
    88     21     48     49
    89     22     21     49
    90     22     49     50
    91     23     22     50
    92     23     50     51
    93     24     23     51
    94     24     51     52
    95      1     24     52
    96      1     52     25
    97     25     53     54
    98     54     26     25
    99     26     54     55
   100     55     27     26
   101     27     55     56
   102     56     28     27
   103     28     56     57
   104     57     29     28
   105     29     57     58
   106     58     30     29
   107     30     58     59
   108     59     31     30
   109     31     59     60
   110     60     32     31
   111     32     60     61
   112     32     61     62
   113     62     33     32
   114     33     62     63
   115     63     34     33
   116     34     63     64
   117     34     64     35
   118     35     64     65
   119     35     65     36
   120     36     65     66
   121     36     66     37
   122     37     66     67
   123     37     67     38
   124     38     67     68
   125     38     68     39
   126     39     68     69
   127     39     69     70
   128     39     70     40
   129     40     70     71
   130     40     71     41
   131     41     71     72
   132     41     72     42
   133     42     72     73
   134     42     73     43
   135     43     73     74
   136     43     74     44
   137     44     74     75
   138     45     44     75
   139     45     75     76
   140     46     45     76
   141     46     76     77
   142     46     77     78
   143     47     46     78
   144     47     78     79
   145     48     47     79
   146     48     79     80
   147     49     48     80
   148     49     80     81
   149     50     49     81
   150     50     81     82
   151     51     50     82
   152     51     82     83
   153     52     51     83
   154     52     83     84
   155     25     52     84
   156     25     84     53
