41
1 0
2 0.025
3 0.05
4 0.075
5 0.1
6 0.125
7 0.15
8 0.175
9 0.2
10 0.225
11 0.25
12 0.275
13 0.3
14 0.325
15 0.35
16 0.375
17 0.4
18 0.425
19 0.45
20 0.475
21 0.5
22 0.525
23 0.55
24 0.575
25 0.6
26 0.625
27 0.65
28 0.675
29 0.7
30 0.725
31 0.75
32 0.775
33 0.8
34 0.825
35 0.85
36 0.875
37 0.9
38 0.925
39 0.95
40 0.975
41 1
1 1.0
2 1.0
3 1.0
4 1.0
5 1.0
6 1.0
7 1.0
8 1.0
9 1.0
10 1.0
11 1.0
12 1.0
13 1.0
14 1.0
15 1.0
16 1.0
17 1.0
18 1.0
19 1.0
20 1.0
21 1.0
22 1.0
23 1.0
24 1.0
25 1.0
26 1.0
27 1.0
28 1.0
29 1.0
30 1.0
31 1.0
32 1.0
33 1.0
34 1.0
35 1.0
36 1.0
37 1.0
38 1.0
39 1.0
40 1.0
41 1.0
