161
1 0
2 0.00625
3 0.0125
4 0.01875
5 0.025
6 0.03125
7 0.0375
8 0.04375
9 0.05
10 0.05625
11 0.0625
12 0.06875
13 0.075
14 0.08125
15 0.0875
16 0.09375
17 0.1
18 0.10625
19 0.1125
20 0.11875
21 0.125
22 0.13125
23 0.1375
24 0.14375
25 0.15
26 0.15625
27 0.1625
28 0.16875
29 0.175
30 0.18125
31 0.1875
32 0.19375
33 0.2
34 0.20625
35 0.2125
36 0.21875
37 0.225
38 0.23125
39 0.2375
40 0.24375
41 0.25
42 0.25625
43 0.2625
44 0.26875
45 0.275
46 0.28125
47 0.2875
48 0.29375
49 0.3
50 0.30625
51 0.3125
52 0.31875
53 0.325
54 0.33125
55 0.3375
56 0.34375
57 0.35
58 0.35625
59 0.3625
60 0.36875
61 0.375
62 0.38125
63 0.3875
64 0.39375
65 0.4
66 0.40625
67 0.4125
68 0.41875
69 0.425
70 0.43125
71 0.4375
72 0.44375
73 0.45
74 0.45625
75 0.4625
76 0.46875
77 0.475
78 0.48125
79 0.4875
80 0.49375
81 0.5
82 0.50625
83 0.5125
84 0.51875
85 0.525
86 0.53125
87 0.5375
88 0.54375
89 0.55
90 0.55625
91 0.5625
92 0.56875
93 0.575
94 0.58125
95 0.5875
96 0.59375
97 0.6
98 0.60625
99 0.6125
100 0.61875
101 0.625
102 0.63125
103 0.6375
104 0.64375
105 0.65
106 0.65625
107 0.6625
108 0.66875
109 0.675
110 0.68125
111 0.6875
112 0.69375
113 0.7
114 0.70625
115 0.7125
116 0.71875
117 0.725
118 0.73125
119 0.7375
120 0.74375
121 0.75
122 0.75625
123 0.7625
124 0.76875
125 0.775
126 0.78125
127 0.7875
128 0.79375
129 0.8
130 0.80625
131 0.8125
132 0.81875
133 0.825
134 0.83125
135 0.8375
136 0.84375
137 0.85
138 0.85625
139 0.8625
140 0.86875
141 0.875
142 0.88125
143 0.8875
144 0.89375
145 0.9
146 0.90625
147 0.9125
148 0.91875
149 0.925
150 0.93125
151 0.9375
152 0.94375
153 0.95
154 0.95625
155 0.9625
156 0.96875
157 0.975
158 0.98125
159 0.9875
160 0.99375
161 1
1 1.0
2 1.0
3 1.0
4 1.0
5 1.0
6 1.0
7 1.0
8 1.0
9 1.0
10 1.0
11 1.0
12 1.0
13 1.0
14 1.0
15 1.0
16 1.0
17 1.0
18 1.0
19 1.0
20 1.0
21 1.0
22 1.0
23 1.0
24 1.0
25 1.0
26 1.0
27 1.0
28 1.0
29 1.0
30 1.0
31 1.0
32 1.0
33 1.0
34 1.0
35 1.0
36 1.0
37 1.0
38 1.0
39 1.0
40 1.0
41 1.0
42 1.0
43 1.0
44 1.0
45 1.0
46 1.0
47 1.0
48 1.0
49 1.0
50 1.0
51 1.0
52 1.0
53 1.0
54 1.0
55 1.0
56 1.0
57 1.0
58 1.0
59 1.0
60 1.0
61 1.0
62 1.0
63 1.0
64 1.0
65 1.0
66 1.0
67 1.0
68 1.0
69 1.0
70 1.0
71 1.0
72 1.0
73 1.0
74 1.0
75 1.0
76 1.0
77 1.0
78 1.0
79 1.0
80 1.0
81 1.0
82 1.0
83 1.0
84 1.0
85 1.0
86 1.0
87 1.0
88 1.0
89 1.0
90 1.0
91 1.0
92 1.0
93 1.0
94 1.0
95 1.0
96 1.0
97 1.0
98 1.0
99 1.0
100 1.0
101 1.0
102 1.0
103 1.0
104 1.0
105 1.0
106 1.0
107 1.0
108 1.0
109 1.0
110 1.0
111 1.0
112 1.0
113 1.0
114 1.0
115 1.0
116 1.0
117 1.0
118 1.0
119 1.0
120 1.0
121 1.0
122 1.0
123 1.0
124 1.0
125 1.0
126 1.0
127 1.0
128 1.0
129 1.0
130 1.0
131 1.0
132 1.0
133 1.0
134 1.0
135 1.0
136 1.0
137 1.0
138 1.0
139 1.0
140 1.0
141 1.0
142 1.0
143 1.0
144 1.0
145 1.0
146 1.0
147 1.0
148 1.0
149 1.0
150 1.0
151 1.0
152 1.0
153 1.0
154 1.0
155 1.0
156 1.0
157 1.0
158 1.0
159 1.0
160 1.0
161 1.0
