321
1 0
2 0.003125
3 0.00625
4 0.009375
5 0.0125
6 0.015625
7 0.01875
8 0.021875
9 0.025
10 0.028125
11 0.03125
12 0.034375
13 0.0375
14 0.040625
15 0.04375
16 0.046875
17 0.05
18 0.053125
19 0.05625
20 0.059375
21 0.0625
22 0.065625
23 0.06875
24 0.071875
25 0.075
26 0.078125
27 0.08125
28 0.084375
29 0.0875
30 0.090625
31 0.09375
32 0.096875
33 0.1
34 0.10312
35 0.10625
36 0.10938
37 0.1125
38 0.11563
39 0.11875
40 0.12187
41 0.125
42 0.12812
43 0.13125
44 0.13437
45 0.1375
46 0.14062
47 0.14375
48 0.14688
49 0.15
50 0.15313
51 0.15625
52 0.15937
53 0.1625
54 0.16562
55 0.16875
56 0.17188
57 0.175
58 0.17813
59 0.18125
60 0.18438
61 0.1875
62 0.19062
63 0.19375
64 0.19687
65 0.2
66 0.20312
67 0.20625
68 0.20938
69 0.2125
70 0.21563
71 0.21875
72 0.22187
73 0.225
74 0.22812
75 0.23125
76 0.23438
77 0.2375
78 0.24063
79 0.24375
80 0.24688
81 0.25
82 0.25312
83 0.25625
84 0.25938
85 0.2625
86 0.26562
87 0.26875
88 0.27187
89 0.275
90 0.27813
91 0.28125
92 0.28437
93 0.2875
94 0.29063
95 0.29375
96 0.29688
97 0.3
98 0.30312
99 0.30625
100 0.30938
101 0.3125
102 0.31562
103 0.31875
104 0.32188
105 0.325
106 0.32812
107 0.33125
108 0.33437
109 0.3375
110 0.34063
111 0.34375
112 0.34687
113 0.35
114 0.35313
115 0.35625
116 0.35938
117 0.3625
118 0.36562
119 0.36875
120 0.37188
121 0.375
122 0.37812
123 0.38125
124 0.38438
125 0.3875
126 0.39062
127 0.39375
128 0.39687
129 0.4
130 0.40313
131 0.40625
132 0.40937
133 0.4125
134 0.41563
135 0.41875
136 0.42188
137 0.425
138 0.42812
139 0.43125
140 0.43438
141 0.4375
142 0.44062
143 0.44375
144 0.44688
145 0.45
146 0.45312
147 0.45625
148 0.45937
149 0.4625
150 0.46563
151 0.46875
152 0.47187
153 0.475
154 0.47813
155 0.48125
156 0.48438
157 0.4875
158 0.49062
159 0.49375
160 0.49688
161 0.5
162 0.50313
163 0.50625
164 0.50938
165 0.5125
166 0.51562
167 0.51875
168 0.52187
169 0.525
170 0.52812
171 0.53125
172 0.53438
173 0.5375
174 0.54063
175 0.54375
176 0.54688
177 0.55
178 0.55312
179 0.55625
180 0.55937
181 0.5625
182 0.56563
183 0.56875
184 0.57188
185 0.575
186 0.57812
187 0.58125
188 0.58437
189 0.5875
190 0.59062
191 0.59375
192 0.59688
193 0.6
194 0.60313
195 0.60625
196 0.60938
197 0.6125
198 0.61562
199 0.61875
200 0.62187
201 0.625
202 0.62813
203 0.63125
204 0.63438
205 0.6375
206 0.64062
207 0.64375
208 0.64687
209 0.65
210 0.65312
211 0.65625
212 0.65938
213 0.6625
214 0.66563
215 0.66875
216 0.67188
217 0.675
218 0.67812
219 0.68125
220 0.68437
221 0.6875
222 0.69063
223 0.69375
224 0.69688
225 0.7
226 0.70312
227 0.70625
228 0.70937
229 0.7125
230 0.71562
231 0.71875
232 0.72188
233 0.725
234 0.72813
235 0.73125
236 0.73438
237 0.7375
238 0.74062
239 0.74375
240 0.74687
241 0.75
242 0.75313
243 0.75625
244 0.75938
245 0.7625
246 0.76562
247 0.76875
248 0.77187
249 0.775
250 0.77812
251 0.78125
252 0.78438
253 0.7875
254 0.79063
255 0.79375
256 0.79688
257 0.8
258 0.80312
259 0.80625
260 0.80937
261 0.8125
262 0.81563
263 0.81875
264 0.82188
265 0.825
266 0.82812
267 0.83125
268 0.83437
269 0.8375
270 0.84062
271 0.84375
272 0.84688
273 0.85
274 0.85313
275 0.85625
276 0.85938
277 0.8625
278 0.86562
279 0.86875
280 0.87187
281 0.875
282 0.87813
283 0.88125
284 0.88438
285 0.8875
286 0.89062
287 0.89375
288 0.89687
289 0.9
290 0.90312
291 0.90625
292 0.90938
293 0.9125
294 0.91563
295 0.91875
296 0.92188
297 0.925
298 0.92812
299 0.93125
300 0.93437
301 0.9375
302 0.94063
303 0.94375
304 0.94688
305 0.95
306 0.95312
307 0.95625
308 0.95937
309 0.9625
310 0.96562
311 0.96875
312 0.97188
313 0.975
314 0.97813
315 0.98125
316 0.98438
317 0.9875
318 0.99062
319 0.99375
320 0.99687
321 1
1 1.0
2 1.0
3 1.0
4 1.0
5 1.0
6 1.0
7 1.0
8 1.0
9 1.0
10 1.0
11 1.0
12 1.0
13 1.0
14 1.0
15 1.0
16 1.0
17 1.0
18 1.0
19 1.0
20 1.0
21 1.0
22 1.0
23 1.0
24 1.0
25 1.0
26 1.0
27 1.0
28 1.0
29 1.0
30 1.0
31 1.0
32 1.0
33 1.0
34 1.0
35 1.0
36 1.0
37 1.0
38 1.0
39 1.0
40 1.0
41 1.0
42 1.0
43 1.0
44 1.0
45 1.0
46 1.0
47 1.0
48 1.0
49 1.0
50 1.0
51 1.0
52 1.0
53 1.0
54 1.0
55 1.0
56 1.0
57 1.0
58 1.0
59 1.0
60 1.0
61 1.0
62 1.0
63 1.0
64 1.0
65 1.0
66 1.0
67 1.0
68 1.0
69 1.0
70 1.0
71 1.0
72 1.0
73 1.0
74 1.0
75 1.0
76 1.0
77 1.0
78 1.0
79 1.0
80 1.0
81 1.0
82 1.0
83 1.0
84 1.0
85 1.0
86 1.0
87 1.0
88 1.0
89 1.0
90 1.0
91 1.0
92 1.0
93 1.0
94 1.0
95 1.0
96 1.0
97 1.0
98 1.0
99 1.0
100 1.0
101 1.0
102 1.0
103 1.0
104 1.0
105 1.0
106 1.0
107 1.0
108 1.0
109 1.0
110 1.0
111 1.0
112 1.0
113 1.0
114 1.0
115 1.0
116 1.0
117 1.0
118 1.0
119 1.0
120 1.0
121 1.0
122 1.0
123 1.0
124 1.0
125 1.0
126 1.0
127 1.0
128 1.0
129 1.0
130 1.0
131 1.0
132 1.0
133 1.0
134 1.0
135 1.0
136 1.0
137 1.0
138 1.0
139 1.0
140 1.0
141 1.0
142 1.0
143 1.0
144 1.0
145 1.0
146 1.0
147 1.0
148 1.0
149 1.0
150 1.0
151 1.0
152 1.0
153 1.0
154 1.0
155 1.0
156 1.0
157 1.0
158 1.0
159 1.0
160 1.0
161 1.0
162 1.0
163 1.0
164 1.0
165 1.0
166 1.0
167 1.0
168 1.0
169 1.0
170 1.0
171 1.0
172 1.0
173 1.0
174 1.0
175 1.0
176 1.0
177 1.0
178 1.0
179 1.0
180 1.0
181 1.0
182 1.0
183 1.0
184 1.0
185 1.0
186 1.0
187 1.0
188 1.0
189 1.0
190 1.0
191 1.0
192 1.0
193 1.0
194 1.0
195 1.0
196 1.0
197 1.0
198 1.0
199 1.0
200 1.0
201 1.0
202 1.0
203 1.0
204 1.0
205 1.0
206 1.0
207 1.0
208 1.0
209 1.0
210 1.0
211 1.0
212 1.0
213 1.0
214 1.0
215 1.0
216 1.0
217 1.0
218 1.0
219 1.0
220 1.0
221 1.0
222 1.0
223 1.0
224 1.0
225 1.0
226 1.0
227 1.0
228 1.0
229 1.0
230 1.0
231 1.0
232 1.0
233 1.0
234 1.0
235 1.0
236 1.0
237 1.0
238 1.0
239 1.0
240 1.0
241 1.0
242 1.0
243 1.0
244 1.0
245 1.0
246 1.0
247 1.0
248 1.0
249 1.0
250 1.0
251 1.0
252 1.0
253 1.0
254 1.0
255 1.0
256 1.0
257 1.0
258 1.0
259 1.0
260 1.0
261 1.0
262 1.0
263 1.0
264 1.0
265 1.0
266 1.0
267 1.0
268 1.0
269 1.0
270 1.0
271 1.0
272 1.0
273 1.0
274 1.0
275 1.0
276 1.0
277 1.0
278 1.0
279 1.0
280 1.0
281 1.0
282 1.0
283 1.0
284 1.0
285 1.0
286 1.0
287 1.0
288 1.0
289 1.0
290 1.0
291 1.0
292 1.0
293 1.0
294 1.0
295 1.0
296 1.0
297 1.0
298 1.0
299 1.0
300 1.0
301 1.0
302 1.0
303 1.0
304 1.0
305 1.0
306 1.0
307 1.0
308 1.0
309 1.0
310 1.0
311 1.0
312 1.0
313 1.0
314 1.0
315 1.0
316 1.0
317 1.0
318 1.0
319 1.0
320 1.0
321 1.0
