     1               1 -2.0487684159602e-12
     2 1.0000001010738 2.2499998765056
     3 1.0000003996019 4.4999988534468
     4 1.0000008937438 6.7499960459656
     5 1.0000015804531 8.9999905802103
     6  1.000002455496 11.249981598722
     7  1.000003513478 13.499968265724
     8 1.0000047478763 15.749949772272
     9 1.0000061510811 17.999925341246
    10 1.0000077144413 20.249894232139
    11 1.0000094283189 22.499855745627
    12 1.0000112821478 24.749809227874
    13 1.0000132644994 26.999754074568
    14 1.0000153631526 29.249689734645
    15 1.0000175651695 31.499615713685
    16  1.000019856975 33.749531576958
    17 1.0000222244406 35.999436952104
    18 1.0000246529715 38.249331531428
    19 1.0000271275966 40.499215073794
    20 1.0000296330605 42.749087406109
    21 1.0000321539182  44.99894842439
    22 1.0000346746297 47.248798094401
    23 1.0000371796559 49.498636451863
    24 1.0000396535547 51.748463602233
    25 1.0000420810759 53.998279720048
    26 1.0000444472554 56.248085047851
    27 1.0000467375072 58.497879894692
    28 1.0000489377136 60.747664634223
    29  1.000051034312  62.99743970239
    30 1.0000530143784 65.247205594748
    31 1.0000548657074 67.496962863404
    32 1.0000565768872 69.746712113612
    33 1.0000581373698 71.996454000043
    34 1.0000595375364 74.246189222749
    35 1.0000607687562 76.495918522848
    36 1.0000618234399 78.745642677957
    37 1.0000626950865 80.995362497397
    38 1.0000633783232 83.245078817208
    39 1.0000638689385 85.494792494996
    40 1.0000641639083 87.744504404647
    41 1.0000642614144 89.994215430943
    42 1.0000641608558  92.24392646411
    43 1.0000638628523 94.493638394329
    44 1.0000633692409 96.743352106258
    45  1.000062683064  98.99306847357
    46 1.0000618085513 101.24278835358
    47 1.0000607510932 103.49251258195
    48  1.000059517208 105.74224196756
    49 1.0000581145013 107.99197728749
    50 1.0000565516196 110.24171928227
    51 1.0000548381964 112.49146865127
    52 1.0000529847935 114.74122604844
    53 1.0000510028356 116.99099207823
    54 1.0000489045398 119.24076729192
    55 1.0000467028405 121.49055218414
    56 1.0000444113094 123.74034718992
    57 1.0000420440722 125.99015268193
    58 1.0000396157214 128.23996896819
    59 1.0000371412263 130.48979629022
    60 1.0000346358406  132.7396348215
    61 1.0000321150089  134.9894846664
    62 1.0000295942707 137.23934585958
    63 1.0000270891653 139.48921836572
    64 1.0000246151358 141.73910207976
    65 1.0000221874337 143.98899682755
    66 1.0000198210251 146.23890236692
    67 1.0000175304981 148.48881838917
    68 1.0000153299736 150.73874452094
    69 1.0000132330172 152.98868032658
    70 1.0000112525566 155.23862531075
    71  1.000009400801 157.48857892156
    72 1.0000076891664 159.73854055388
    73  1.000006128205 161.98850955317
    74 1.0000047275402 164.23848521942
    75  1.000003495807 166.48846681153
    76 1.0000024405992 168.73845355184
    77 1.0000015684223 170.98844463097
    78 1.0000008846533 173.23843921277
    79 1.0000003935076 175.48843643947
    80 1.0000000980133 177.73843543702
    81 0.99999999999216 179.98843532043
    82 1.0000001000484 -177.76156480073
    83 1.0000003975653 -175.5115658169
    84 1.0000008907085 -173.26156861296
    85 1.0000015764378 -171.01157406285
    86 1.0000024505256 -168.76158302411
    87  1.000003507583 -166.51159633265
    88 1.0000047410932 -164.26161479756
    89 1.0000061434515 -162.01163919614
    90 1.0000077060123 -159.7616702691
    91 1.0000094191425 -157.51170871598
    92 1.0000112722807 -155.26175519086
    93 1.0000132540023 -153.01181029833
    94 1.0000153520902 -150.76187458972
    95   1.00001755361 -148.51194855975
    96 1.0000198449897 -146.26203264348
    97 1.0000222121033 -144.01212721358
    98 1.0000246403584 -141.7622325781
    99 1.0000271147853 -139.5123489785
   100 1.0000296201302 -137.26247658824
   101 1.0000321409485 -135.01261551166
   102 1.0000346617004 -132.76276578335
   103 1.0000371668468 -130.51292736796
   104 1.0000396409448 -128.26310016037
   105 1.0000420687429 -126.01328398641
   106 1.0000444352754 -123.76347860389
   107  1.000046725954 -121.51368370407
   108 1.0000489266584 -119.26389891366
   109 1.0000510238229  -117.014123797
   110 1.0000530045202 -114.76435785884
   111 1.0000548565408 -112.51460054736
   112 1.0000565684686 -110.26485125758
   113 1.0000581297512 -108.01510933505
   114 1.0000595307647 -105.76537407995
   115 1.0000607628732 -103.51564475137
   116 1.0000618184819 -101.26592057186
   117  1.000062691084 -99.016200732255
   118 1.0000633753008 -96.766484396632
   119  1.000063866915 -94.516770707487
   120  1.000064162896 -92.267058791003
   121 1.0000642614197 -90.017347762441
   122 1.0000641618785 -87.767636731588
   123 1.0000638648862 -85.517924808248
   124 1.0000633722734 -83.268211107723
   125 1.0000626870765 -81.018494756266
   126  1.000061813519 -78.768774896468
   127 1.0000607569855 -76.519050692538
   128 1.0000595239886 -74.269321335453
   129 1.0000581221284 -72.019586047949
   130 1.0000565600461 -69.769844089308
   131 1.0000548473704 -67.520094759921
   132 1.0000529946585 -65.270337405607
   133 1.0000510133308 -63.020571421639
   134 1.0000489156005 -60.770796256474
   135 1.0000467143984 -58.521011415156
   136 1.0000444232934 -56.271216462366
   137 1.0000420564084 -54.021411025104
   138 1.0000396283337 -51.771594794997
   139 1.0000371540369 -49.521767530192
   140 1.0000346487707 -47.271929056857
   141 1.0000321279786 -45.022079270251
   142 1.0000296072002 -42.772218135371
   143 1.0000271019749 -40.522345687172
   144 1.0000246277465 -38.272462030351
   145 1.0000221997677 -36.022567338707
   146 1.0000198330063 -33.772661854068
   147 1.0000175420529 -31.522745884805
   148 1.0000153410305 -29.272819803931
   149 1.0000132435082 -27.022884046803
   150 1.0000112624169 -24.77293910844
   151 1.0000094099699 -22.522985540472
   152 1.0000076975874 -20.273023947739
   153 1.0000061358261 -18.023054984565
   154 1.0000047343144 -15.773079350721
   155 1.0000035016927 -13.523097787113
   156   1.00000244556 -11.273111071214
   157 1.0000015724276 -9.0231200122684
   158 1.0000008876783 -6.7731254463029
   159 1.0000003955339 -4.5231282309719
   160 1.0000000990283 -2.273129240268
   161 0.99999999998953 -0.023129359131891
