     1 0.99999999999995 -4.1253214593496e-11
     2 1.0000000062559 1.1249999961713
     3 1.0000000248868 2.2499999643825
     4  1.000000055864 3.3749998767774
     5 1.0000000991396 4.4999997056272
     6  1.000000154647 5.6249994233318
     7 1.0000002223006 6.7499990024626
     8  1.000000301996 7.8749984158046
     9 1.0000003936104 8.9999976363986
    10 1.0000004970024 10.124996637582
    11 1.0000006120128 11.249995393032
    12 1.0000007384641 12.374993876803
    13 1.0000008761613  13.49999206337
    14 1.0000010248922 14.624989927664
    15 1.0000011844275 15.749987445115
    16  1.000001354521 16.874984591688
    17 1.0000015349106 17.999981343918
    18 1.0000017253182 19.124977678949
    19   1.00000192545  20.24997357457
    20 1.0000021349976 21.374969009244
    21 1.0000023536379 22.499963962148
    22 1.0000025810337 23.624958413201
    23 1.0000028168343 24.749952343095
    24 1.0000030606763 25.874945733326
    25 1.0000033121836 26.999938566223
    26 1.0000035709684 28.124930824973
    27 1.0000038366318 29.249922493649
    28  1.000004108764 30.374913557234
    29 1.0000043869456 31.499904001645
    30 1.0000046707475 32.624893813751
    31 1.0000049597321 33.749882981398
    32  1.000005253454 34.874871493426
    33 1.0000055514601 35.999859339685
    34 1.0000058532911 37.124846511052
    35 1.0000061584814 38.249832999444
    36 1.0000064665606 39.374818797832
    37 1.0000067770537 40.499803900251
    38 1.0000070894818 41.624788301807
    39 1.0000074033633 42.749771998689
    40 1.0000077182141 43.874754988172
    41 1.0000080335489 44.999737268622
    42 1.0000083488814 46.124718839497
    43 1.0000086637254  47.24969970135
    44 1.0000089775954 48.374679855827
    45 1.0000092900076 49.499659305665
    46 1.0000096004801 50.624638054687
    47 1.0000099085344 51.749616107798
    48 1.0000102136954 52.874593470972
    49 1.0000105154926 53.999570151252
    50 1.0000108134607 55.124546156731
    51 1.0000111071402 56.249521496542
    52 1.0000113960784 57.374496180846
    53 1.0000116798296 58.499470220814
    54 1.0000119579566 59.624443628609
    55 1.0000122300303 60.749416417371
    56 1.0000124956312 61.874388601194
    57   1.00001275435 62.999360195104
    58 1.0000130057876 64.124331215035
    59 1.0000132495564  65.24930167781
    60 1.0000134852806 66.374271601107
    61 1.0000137125966 67.499241003438
    62  1.000013931154 68.624209904117
    63 1.0000141406158 69.749178323234
    64 1.0000143406591 70.874146281617
    65 1.0000145309754 71.999113800808
    66 1.0000147112712 73.124080903025
    67 1.0000148812686  74.24904761113
    68 1.0000150407055 75.374013948589
    69 1.0000151893361 76.498979939444
    70 1.0000153269311 77.623945608268
    71 1.0000154532785 78.748910980132
    72 1.0000155681833 79.873876080565
    73 1.0000156714686 80.998840935515
    74 1.0000157629749 82.123805571306
    75 1.0000158425613 83.248770014602
    76  1.000015910105 84.373734292363
    77 1.0000159655018 85.498698431805
    78 1.0000160086664 86.623662460357
    79 1.0000160395322 87.748626405617
    80 1.0000160580516 88.873590295315
    81 1.0000160641961 89.998554157264
    82 1.0000160579561  91.12351801932
    83 1.0000160393414  92.24848190934
    84 1.0000160083806 93.373445855137
    85 1.0000159651214 94.498409884438
    86 1.0000159096305 95.623374024842
    87 1.0000158419936 96.748338303775
    88 1.0000157623148 97.873302748453
    89 1.0000156707171 98.998267385832
    90 1.0000155673416 100.12323224257
    91 1.0000154523478   101.248197345
    92  1.000015325913 102.37316271906
    93  1.000015188232 103.49812839027
    94 1.0000150395173  104.6230943837
    95  1.000014879998 105.74806072393
    96 1.0000147099201 106.87302743498
    97 1.0000145295459 107.99799454033
    98 1.0000143391535 109.12296206282
    99 1.0000141390364 110.24793002468
   100 1.0000139295033 111.37289844743
   101  1.000013710877  112.4978673519
   102 1.0000134834948 113.62283675817
   103 1.0000132477072 114.74780668556
   104 1.0000130038778 115.87277715256
   105 1.0000127523826 116.99774817686
   106 1.0000124936092 118.12271977526
   107 1.0000122279567 119.24769196369
   108 1.0000119558347 120.37266475717
   109 1.0000116776628 121.49763816979
   110 1.0000113938699 122.62261221468
   111 1.0000111048934   123.747586904
   112 1.0000108111791  124.8725622489
   113 1.0000105131797 125.99753825955
   114 1.0000102113548 127.12251494507
   115 1.0000099061697 128.24749231354
   116  1.000009598095 129.37247037199
   117 1.0000092876056  130.4974491264
   118 1.0000089751803 131.62242858166
   119 1.0000086613009 132.74740874158
   120 1.0000083464513 133.87238960889
   121  1.000008031117 134.99737118524
   122 1.0000077157841 136.12235347116
   123 1.0000074009388  137.2473364661
   124 1.0000070870667 138.37232016843
   125 1.0000067746517 139.49730457541
   126 1.0000064641754 140.62228968321
   127 1.0000061561167 141.74727548694
   128 1.0000058509504 142.87226198063
   129 1.0000055491472 143.99724915723
   130 1.0000052511723 145.12223700866
   131 1.0000049574853 146.24722552578
   132 1.0000046685389 147.37221469845
   133 1.0000043847787 148.49720451547
   134 1.0000041066422 149.62219496471
   135 1.0000038345582 150.74718603302
   136 1.0000035689463  151.8721777063
   137 1.0000033102161 152.99716996954
   138 1.0000030587664  154.1221628068
   139  1.000002814985 155.24715620126
   140 1.0000025792478 156.37215013524
   141 1.0000023519182 157.49714459024
   142 1.0000021333468 158.62213954694
   143 1.0000019238706 159.74713498525
   144 1.0000017238125 160.87213088434
   145 1.0000015334811 161.99712722267
   146 1.0000013531698 163.12212397803
   147 1.0000011831567 164.24712112755
   148 1.0000010237039 165.37211864777
   149 1.0000008750572 166.49711651465
   150 1.0000007374458  167.6221147036
   151  1.000000611082 168.74711318956
   152 1.0000004961606 169.87211194701
   153 1.0000003928588 170.99711094998
   154 1.0000003013358 172.12211017217
   155 1.0000002217328 173.24710958689
   156 1.0000001541725 174.37210916719
   157 1.0000000987591 175.49710888586
   158 1.0000000555781 176.62210871546
   159 1.0000000246959 177.74710862839
   160 1.0000000061603 178.87210859693
   161 0.99999999999984 179.99710859325
   162  1.000000006224 -178.87789141051
   163 1.0000000248231 -177.75289144219
   164 1.0000000557686 -176.62789152961
   165 1.0000000990127 -175.50289170051
   166 1.0000001544888 -174.37789198249
   167 1.0000002221112 -173.25289240296
   168 1.0000003017759 -172.12789298916
   169 1.0000003933598 -171.00289376804
   170 1.0000004967217 -169.87789476626
   171 1.0000006117025 -168.75289601014
   172 1.0000007381246 -167.62789752564
   173 1.0000008757932 -166.50289933828
   174  1.000001024496 -165.37790147312
   175 1.0000011840038 -164.25290395475
   176 1.0000013540705 -163.12790680719
   177 1.0000015344341 -162.00291005392
   178 1.0000017248162 -160.87791371779
   179 1.0000019249235 -159.75291782101
   180 1.0000021344473 -158.62792238512
   181 1.0000023530646 -157.50292743096
   182 1.0000025804383 -156.37793297859
   183 1.0000028162178 -155.25293904733
   184 1.0000030600396 -154.12794565569
   185 1.0000033115277 -153.00295282134
   186 1.0000035702943 -151.87796056109
   187 1.0000038359405 -150.75296889088
   188 1.0000041080567 -149.62797782572
   189 1.0000043862232 -148.5029873797
   190 1.0000046700112 -147.37799756595
   191 1.0000049589831 -146.25300839664
   192 1.0000052526934 -145.12801988291
   193 1.0000055506891 -144.00303203493
   194 1.0000058525108 -142.87804486181
   195 1.0000061576931 -141.75305837166
   196 1.0000064657655 -140.62807257149
   197  1.000006776253 -139.50308746727
   198 1.0000070886767 -138.37810306391
   199 1.0000074025551 -137.25311936521
   200 1.0000077174041 -136.12813637391
   201 1.0000080327382 -135.00315409164
   202 1.0000083480713 -133.87817251894
   203 1.0000086629172 -132.75319165526
   204 1.0000089767904 -131.62821149897
   205 1.0000092892069 -130.50323204733
   206 1.0000095996851 -129.37825329651
   207 1.0000099077462 -128.25327524162
   208 1.0000102129152 -127.12829787668
   209 1.0000105147217 -126.00332119465
   210 1.0000108127002 -124.87834518745
   211 1.0000111063913 -123.75336984594
   212 1.0000113953422 -122.62839515997
   213 1.0000116791074 -121.50342111836
   214 1.0000119572493 -120.37844770895
   215 1.0000122293391 -119.25347491862
   216 1.0000124949572 -118.12850273326
   217 1.0000127536942 -117.00353113785
   218 1.0000130051511 -115.87856011647
   219 1.0000132489401 -114.75358965228
   220 1.0000134846854 -113.62861972762
   221 1.0000137120234 -112.50365032398
   222 1.0000139306038 -111.37868142204
   223 1.0000141400894 -110.25371300171
   224 1.0000143401573 -109.12874504217
   225 1.0000145304989 -108.00377752188
   226 1.0000147108209 -106.87881041862
   227 1.0000148808451 -105.75384370953
   228 1.0000150403095 -104.62887737115
   229 1.0000151889681 -103.50391137943
   230 1.0000153265918 -102.37894570981
   231 1.0000154529683 -101.25398033722
   232 1.0000155679028 -100.12901523612
   233 1.0000156712181 -99.004050380573
   234 1.0000157627549 -97.879085744253
   235 1.0000158423721 -96.754121300496
   236 1.0000159099469 -95.629157022344
   237  1.000015965375 -94.504192882582
   238 1.0000160085712 -93.37922885378
   239 1.0000160394687 -92.254264908341
   240 1.0000160580198 -91.129301018536
   241 1.0000160641961 -90.004337156552
   242  1.000016057988 -88.879373294532
   243 1.0000160394051 -87.754409404619
   244 1.0000160084759 -86.629445459001
   245 1.0000159652482 -85.50448142995
   246 1.0000159097887 -84.379517289867
   247 1.0000158421829 -83.254553011324
   248 1.0000157625349 -82.129588567107
   249 1.0000156709676 -81.004623930257
   250 1.0000155676222 -79.879659074113
   251 1.0000154526581 -78.754693972351
   252 1.0000153262524 -77.629728599025
   253 1.0000151886001 -76.504762928609
   254 1.0000150399134 -75.379796936035
   255 1.0000148804216 -74.254830596731
   256 1.0000147103705 -73.129863886661
   257 1.0000145300224 -72.004896782358
   258 1.0000143396554 -70.879929260965
   259 1.0000141395629 -69.754961300268
   260 1.0000139300535 -68.629992878729
   261 1.0000137114502 -67.505023975522
   262 1.0000134840901 -66.380054570561
   263 1.0000132483237 -65.255084644538
   264 1.0000130045145 -64.130114178944
   265 1.0000127530384 -63.005143156104
   266 1.0000124942832 -61.880171559202
   267 1.0000122286479 -60.755199372308
   268  1.000011956542 -59.630226580398
   269 1.0000116783851 -58.505253169386
   270  1.000011394606 -57.380279126137
   271 1.0000111056424 -56.255304438491
   272 1.0000108119396 -55.130329095284
   273 1.0000105139507 -54.005353086359
   274  1.000010212135 -52.880376402588
   275 1.0000099069579 -51.755399035884
   276   1.00000959889 -50.630420979211
   277 1.0000092884062 -49.505442226598
   278 1.0000089759854 -48.380462773147
   279 1.0000086621091 -47.255482615039
   280 1.0000083472613 -46.130501749545
   281 1.0000080319276 -45.005520175023
   282 1.0000077165941 -43.880537890927
   283 1.0000074017469 -42.755554897802
   284 1.0000070878717 -41.63057119729
   285 1.0000067754523 -40.50558679212
   286 1.0000064649705 -39.380601686111
   287 1.0000061569049 -38.25561588416
   288 1.0000058517306 -37.130629392239
   289 1.0000055499181 -36.005642217381
   290 1.0000052519328 -34.880654367675
   291 1.0000049582342 -33.75566585225
   292  1.000004669275 -32.630676681261
   293 1.0000043855009 -31.505686865873
   294 1.0000041073494 -30.380696418245
   295 1.0000038352494 -29.255705351513
   296 1.0000035696203 -28.130713679764
   297 1.0000033108719 -27.005721418021
   298  1.000003059403 -25.880728582216
   299 1.0000028156014 -24.755735189165
   300  1.000002579843 -23.630741256544
   301 1.0000023524914 -22.505746802862
   302  1.000002133897 -21.380751847429
   303  1.000001924397 -20.255756410332
   304 1.0000017243143 -19.130760512397
   305 1.0000015339576 -18.005764175164
   306 1.0000013536202 -16.880767420848
   307 1.0000011835802 -15.755770272308
   308 1.0000010240999 -14.630772753012
   309 1.0000008754252 -13.505774886998
   310 1.0000007377852 -12.38077669884
   311 1.0000006113922 -11.255778213606
   312 1.0000004964412 -10.130779456827
   313 1.0000003931092 -9.0057804544476
   314 1.0000003015558 -7.8807812327945
   315  1.000000221922 -6.7557818185312
   316 1.0000001543306 -5.6307822386183
   317 1.0000000988859 -4.5057825202722
   318 1.0000000556733 -3.3807826909223
   319 1.0000000247595 -2.2557827781695
   320 1.0000000061921 -1.1307828097432
   321 0.99999999999983 -0.0057828134587629
