     1               1 6.9036117205693e-13
     2 1.0000016470722 4.4999959018828
     3 1.0000064179335 8.9999628637466
     4 1.0000141951261 13.499873244199
     5 1.0000247871805 17.999700796368
     6 1.0000379333343   22.4994213146
     7 1.0000533099579 26.999013230655
     8 1.0000705385284 31.498458144674
     9 1.0000891949548 35.997741277841
    10 1.0001088200227 40.496851835611
    11 1.0001289307031 44.995783272617
    12  1.000149032044 49.494533452806
    13 1.0001686293525 53.993104700961
    14 1.0001872403688 58.491503744439
    15   1.00020440713 62.989741546667
    16 1.0002197072347 67.487833036575
    17 1.0002327642301 71.985796740713
    18 1.0002432568678 76.483654327136
    19 1.0002509270009 80.981430072313
    20 1.0002555859284 85.479150264151
    21 1.0002571190336 89.976842555785
    22 1.0002554885998 94.474535285962
    23 1.0002507347381 98.972256782654
    24 1.0002429744008 103.47003466693
    25 1.0002323985082 107.96789517413
    26 1.0002192672558 112.46586250892
    27 1.0002039037194 116.96395825013
    28  1.000186685913 121.46220081976
    29 1.0001680374947 125.96060502953
    30 1.0001484173484 130.45918171577
    31  1.000128308297 134.95793747207
    32 1.0001082052238 139.45687448598
    33 1.0000886028947  143.9559904842
    34 1.0000699837799  148.4552787874
    35 1.0000528061761 152.95472847374
    36 1.0000374929203 157.45432464686
    37 1.0000244209762 161.95404880201
    38 1.0000139121469 166.45387928136
    39  1.000006225146 170.95379180711
    40 1.0000015492228 175.45376007952
    41 0.99999999949772 179.95375642489
    42 1.0000016141251 -175.54624752239
    43 1.0000063533526 -171.04628012075
    44 1.0000141005015 -166.54636902242
    45 1.0000246648417 -162.04654049196
    46 1.0000377862931 -157.54681875914
    47  1.000053141834 -153.04722542211
    48 1.0000703534605 -148.54777891575
    49 1.0000889974982 -144.04849405809
    50 1.0001086150376 -139.54938168614
    51 1.0001287232347 -135.05044838993
    52 1.0001488271981 -130.55169635128
    53 1.0001684321703 -126.05312329113
    54 1.0001870557024 -121.55472252671
    55 1.0002042395234 -117.05648313692
    56 1.0002195608119 -112.55839023187
    57 1.0002326425937 -108.0604253198
    58 1.0002431630105 -103.56256676235
    59 1.0002508632317 -99.064790306923
    60 1.0002555538162 -94.567069683058
    61 1.0002571193683 -90.069377248242
    62 1.0002555213733 -85.571684667243
    63  1.000250799144 -81.073963608427
    64 1.0002430688548 -76.576186439963
    65 1.0002325206863 -72.078326908922
    66 1.0002194141521 -67.580360786633
    67 1.0002040717197 -63.082266464482
    68 1.0001868708836 -58.584025485555
    69 1.0001682348841 -54.085622999039
    70 1.0001486222993 -49.587048126195
    71 1.0001285157658 -45.08829422884
    72 1.0001084101045 -40.589359073659
    73 1.0000888001447 -36.090244888225
    74 1.0000701685442 -31.590958307216
    75 1.0000529739066 -27.091510210079
    76 1.0000376394883 -22.591915454033
    77 1.0000245427735 -18.092192508898
    78  1.000014006175 -13.592363002712
    79 1.0000062890901 -9.0924511892809
    80 1.0000015815086 -4.5924833507927
    81 0.9999999993303 -0.09248715024692
