     1               1 -2.6353839130332e-14
     2 1.0000272057799 8.9998596073238
     3 1.0001020643883 17.998793115218
     4 1.0002172534805 26.996002572279
     5 1.0003615088659 35.990859233335
     6 1.0005207293092 44.982964967045
     7 1.0006793575637 53.972190840101
     8 1.0008219013882 62.958689226998
     9 1.0009344454867 71.942878447743
    10 1.0010060072336 80.925401615772
    11  1.001029605133  89.90706382505
    12 1.0010029373138 98.888753807555
    13 1.0009286051158 107.87135759795
    14 1.0008138604112 116.85567245576
    15 1.0006699007971 125.84232927242
    16 1.0005107801373 134.83173093287
    17 1.0003520392002 143.82401265536
    18 1.0002091888178 152.81902829899
    19 1.0000961932387 161.81636416037
    20 1.0000241023764 170.81537909474
    21 0.9999999679384 179.81526715453
    22 1.0000261510116 -171.18486337583
    23 1.0001000900975 -162.18590238529
    24 1.0002145527634 -153.18865052403
    25  1.000358345779 -144.19374069672
    26 1.0005174129869 -135.20157624208
    27 1.0006762119667 -126.21229183474
    28 1.0008192336583 -117.22574081272
    29  1.000932515998 -108.24150998384
    30 1.0010050042453 -99.258960282201
    31 1.0010296264856 -90.277289192187
    32 1.0010039809245 -81.295608844303
    33 1.0009305691808 -72.313032268172
    34 1.0008165532956 -63.328759559698
    35 1.0006730596676 -54.342155727025
    36 1.0005140965504 -45.352812723074
    37 1.0003551891801 -36.360589604696
    38 1.0002118645053 -27.365626782464
    39 1.0000981330206 -18.368332785843
    40 1.0000251165294 -9.369344652764
    41 0.99999995725105 -0.36946569883898
