     1               1 4.0052266545777e-15
     2 1.0004542587211 17.994950328095
     3 1.0015200320442 35.961656619314
     4 1.0027922859831 53.885049269328
     5 1.0037889930049 71.766557498488
     6 1.0041336421174 89.623373727043
     7 1.0036962682643 107.48189520694
     8 1.0026418223955 125.36788559348
     9 1.0013687531997 143.29685942379
    10 1.0003595874676 161.26813125077
    11 0.99999796968773 179.26488066584
    12 1.0004216195306 -162.73952402738
    13  1.001469205949 -144.77126857746
    14 1.0027425631587 -126.84601641371
    15 1.0037591821816 -108.96304250075
    16  1.004134990268 -91.105702856337
    17 1.0037282672391 -73.247794673822
    18 1.0026923977312 -55.363326387663
    19 1.0014187686683 -37.436213425529
    20 1.0003900555413 -19.466435794498
    21 0.99999729276872 -1.4702406585724
