   648    288     56     88
           1.75               0
1.7415732716763 0.17152999557673
1.7163742407057 0.34140806352822
1.6746455875314 0.50799818519531
1.6167891818948 0.66969600663891
1.5433622126096 0.8249442894455
1.4550718215295 0.9722479077843
1.3527682933848 1.1101882472864
1.2374368670765 1.2374368670765
1.1101882472864 1.3527682933848
0.9722479077843 1.4550718215295
0.8249442894455 1.5433622126096
0.66969600663891 1.6167891818948
0.50799818519531 1.6746455875314
0.34140806352822 1.7163742407057
0.17152999557673 1.7415732716763
1.0715659492539e-16            1.75
-0.17152999557673 1.7415732716763
-0.34140806352822 1.7163742407057
-0.50799818519531 1.6746455875314
-0.66969600663891 1.6167891818948
-0.8249442894455 1.5433622126096
-0.9722479077843 1.4550718215295
-1.1101882472864 1.3527682933848
-1.2374368670765 1.2374368670765
-1.3527682933848 1.1101882472864
-1.4550718215295 0.9722479077843
-1.5433622126096 0.8249442894455
-1.6167891818948 0.66969600663891
-1.6746455875314 0.50799818519531
-1.7163742407057 0.34140806352823
-1.7415732716763 0.17152999557673
          -1.75 2.1431318985079e-16
-1.7415732716763 -0.17152999557673
-1.7163742407057 -0.34140806352822
-1.6746455875314 -0.50799818519531
-1.6167891818948 -0.66969600663891
-1.5433622126096 -0.8249442894455
-1.4550718215295 -0.9722479077843
-1.3527682933848 -1.1101882472864
-1.2374368670765 -1.2374368670765
-1.1101882472864 -1.3527682933848
-0.9722479077843 -1.4550718215295
-0.8249442894455 -1.5433622126096
-0.66969600663891 -1.6167891818948
-0.50799818519531 -1.6746455875314
-0.34140806352823 -1.7163742407057
-0.17152999557673 -1.7415732716763
-3.2146978477618e-16           -1.75
0.17152999557673 -1.7415732716763
0.34140806352822 -1.7163742407057
0.50799818519531 -1.6746455875314
0.66969600663891 -1.6167891818948
0.8249442894455 -1.5433622126096
0.9722479077843 -1.4550718215295
1.1101882472864 -1.3527682933848
1.2374368670765 -1.2374368670765
1.3527682933848 -1.1101882472864
1.4550718215295 -0.9722479077843
1.5433622126096 -0.8249442894455
1.6167891818948 -0.66969600663891
1.6746455875314 -0.50799818519531
1.7163742407057 -0.34140806352823
1.7415732716763 -0.17152999557673
          1.375               0
1.3581871203528 0.17070403176411
1.3456510764437 0.28196449874227
1.2958585470383 0.44610847029761
1.2588790248986 0.55178987287823
1.1780203447159 0.70306582345093
1.1184516519987 0.79786885482152
1.0096341747722 0.9304633344676
0.9304633344676 1.0096341747722
0.79786885482152 1.1184516519987
0.70306582345093 1.1780203447159
0.55178987287823 1.2588790248986
0.44610847029761 1.2958585470383
0.28196449874227 1.3456510764437
0.17070403176411 1.3581871203528
8.4194467441381e-17           1.375
-0.17070403176411 1.3581871203528
-0.28196449874227 1.3456510764437
-0.44610847029761 1.2958585470383
-0.55178987287823 1.2588790248986
-0.70306582345093 1.1780203447159
-0.79786885482152 1.1184516519987
-0.9304633344676 1.0096341747722
-1.0096341747722 0.9304633344676
-1.1184516519987 0.79786885482152
-1.1780203447159 0.70306582345093
-1.2588790248986 0.55178987287823
-1.2958585470383 0.44610847029761
-1.3456510764437 0.28196449874227
-1.3581871203528 0.17070403176411
         -1.375 1.6838893488276e-16
-1.3581871203528 -0.17070403176411
-1.3456510764437 -0.28196449874227
-1.2958585470383 -0.44610847029761
-1.2588790248986 -0.55178987287823
-1.1780203447159 -0.70306582345093
-1.1184516519987 -0.79786885482152
-1.0096341747722 -0.9304633344676
-0.9304633344676 -1.0096341747722
-0.79786885482152 -1.1184516519987
-0.70306582345093 -1.1780203447159
-0.55178987287823 -1.2588790248986
-0.44610847029761 -1.2958585470383
-0.28196449874227 -1.3456510764437
-0.17070403176411 -1.3581871203528
-2.5258340232414e-16          -1.375
0.17070403176411 -1.3581871203528
0.28196449874227 -1.3456510764437
0.44610847029761 -1.2958585470383
0.55178987287823 -1.2588790248986
0.70306582345093 -1.1780203447159
0.79786885482152 -1.1184516519987
0.9304633344676 -1.0096341747722
1.0096341747722 -0.9304633344676
1.1184516519987 -0.79786885482152
1.1780203447159 -0.70306582345093
1.2588790248986 -0.55178987287823
1.2958585470383 -0.44610847029761
1.3456510764437 -0.28196449874227
1.3581871203528 -0.17070403176411
            2.5               0
2.4904867452294 0.21788935686915
2.4620193825305 0.43412044416733
2.4148145657227 0.6470476127563
2.3492315519648 0.85505035831417
2.2657694675916 1.0565456543517
2.1650635094611            1.25
2.0478801107225 1.4339410908776
1.9151111077974 1.6069690242163
1.7677669529664 1.7677669529664
1.6069690242163 1.9151111077974
1.4339410908776 2.0478801107225
           1.25 2.1650635094611
1.0565456543517 2.2657694675916
0.85505035831417 2.3492315519648
0.6470476127563 2.4148145657227
0.43412044416733 2.4620193825305
0.21788935686915 2.4904867452294
1.5308084989342e-16             2.5
-0.21788935686915 2.4904867452294
-0.43412044416733 2.4620193825305
-0.6470476127563 2.4148145657227
-0.85505035831417 2.3492315519648
-1.0565456543517 2.2657694675916
          -1.25 2.1650635094611
-1.4339410908776 2.0478801107225
-1.6069690242163 1.9151111077974
-1.7677669529664 1.7677669529664
-1.9151111077974 1.6069690242163
-2.0478801107225 1.4339410908776
-2.1650635094611            1.25
-2.2657694675916 1.0565456543517
-2.3492315519648 0.85505035831417
-2.4148145657227 0.6470476127563
-2.4620193825305 0.43412044416733
-2.4904867452294 0.21788935686915
           -2.5 3.0616169978684e-16
-2.4904867452294 -0.21788935686914
-2.4620193825305 -0.43412044416733
-2.4148145657227 -0.6470476127563
-2.3492315519648 -0.85505035831417
-2.2657694675916 -1.0565456543517
-2.1650635094611           -1.25
-2.0478801107225 -1.4339410908776
-1.9151111077974 -1.6069690242163
-1.7677669529664 -1.7677669529664
-1.6069690242163 -1.9151111077974
-1.4339410908776 -2.0478801107225
          -1.25 -2.1650635094611
-1.0565456543517 -2.2657694675916
-0.85505035831417 -2.3492315519648
-0.6470476127563 -2.4148145657227
-0.43412044416733 -2.4620193825305
-0.21788935686915 -2.4904867452294
-4.5924254968026e-16            -2.5
0.21788935686914 -2.4904867452294
0.43412044416732 -2.4620193825305
0.6470476127563 -2.4148145657227
0.85505035831417 -2.3492315519648
1.0565456543517 -2.2657694675916
           1.25 -2.1650635094611
1.4339410908776 -2.0478801107225
1.6069690242163 -1.9151111077974
1.7677669529664 -1.7677669529664
1.9151111077974 -1.6069690242163
2.0478801107225 -1.4339410908776
2.1650635094611           -1.25
2.2657694675916 -1.0565456543517
2.3492315519648 -0.85505035831417
2.4148145657227 -0.6470476127563
2.4620193825305 -0.43412044416733
2.4904867452294 -0.21788935686915
          2.125               0
2.1060096912653 0.21706022208366
2.0891968116181 0.38776425384778
2.0328028963352 0.5982292109212
1.9830103669298 0.76237318247654
1.8909263456779 0.95984800331945
1.8100676654953 1.1111239538922
1.6850914646634 1.2896084660003
 1.576273987437 1.4222029456464
1.4222029456464  1.576273987437
1.2896084660003 1.6850914646634
1.1111239538922 1.8100676654953
0.95984800331945 1.8909263456779
0.76237318247654 1.9830103669298
0.5982292109212 2.0328028963352
0.38776425384778 2.0891968116181
0.21706022208366 2.1060096912653
1.3011872240941e-16           2.125
-0.21706022208366 2.1060096912653
-0.38776425384778 2.0891968116181
-0.5982292109212 2.0328028963352
-0.76237318247654 1.9830103669298
-0.95984800331945 1.8909263456779
-1.1111239538922 1.8100676654953
-1.2896084660003 1.6850914646634
-1.4222029456464  1.576273987437
-1.576273987437 1.4222029456464
-1.6850914646634 1.2896084660003
-1.8100676654953 1.1111239538922
-1.8909263456779 0.95984800331945
-1.9830103669298 0.76237318247654
-2.0328028963352 0.5982292109212
-2.0891968116181 0.38776425384778
-2.1060096912653 0.21706022208366
         -2.125 2.6023744481881e-16
-2.1060096912653 -0.21706022208366
-2.0891968116181 -0.38776425384777
-2.0328028963352 -0.5982292109212
-1.9830103669298 -0.76237318247654
-1.8909263456779 -0.95984800331945
-1.8100676654953 -1.1111239538922
-1.6850914646635 -1.2896084660003
-1.576273987437 -1.4222029456464
-1.4222029456464 -1.576273987437
-1.2896084660003 -1.6850914646634
-1.1111239538922 -1.8100676654953
-0.95984800331945 -1.8909263456779
-0.76237318247654 -1.9830103669298
-0.5982292109212 -2.0328028963352
-0.38776425384778 -2.0891968116181
-0.21706022208366 -2.1060096912653
-3.9035616722822e-16          -2.125
0.21706022208366 -2.1060096912653
0.38776425384777 -2.0891968116181
0.5982292109212 -2.0328028963352
0.76237318247654 -1.9830103669298
0.95984800331945 -1.8909263456779
1.1111239538922 -1.8100676654953
1.2896084660003 -1.6850914646634
1.4222029456464 -1.576273987437
 1.576273987437 -1.4222029456464
1.6850914646634 -1.2896084660003
1.8100676654953 -1.1111239538922
1.8909263456779 -0.95984800331945
1.9830103669298 -0.76237318247654
2.0328028963352 -0.5982292109212
2.0891968116181 -0.38776425384778
2.1060096912653 -0.21706022208366
           3.25               0
3.2399813346327 0.2549920611155
3.2099871069342 0.50841201138075
3.1602022412924 0.75869743253169
3.0909336779592 1.0043052317186
3.0026084806617 1.2437211551865
2.8957712036122 1.4754691241535
2.7710805341508 1.6981203353268
2.6293052317186 1.9103020699505
2.4713193882001 2.1107061570731
2.2980970388563 2.2980970388563
2.1107061570731 2.4713193882001
1.9103020699505 2.6293052317186
1.6981203353268 2.7710805341508
1.4754691241535 2.8957712036122
1.2437211551865 3.0026084806617
1.0043052317186 3.0909336779592
0.75869743253169 3.1602022412924
0.50841201138075 3.2099871069342
0.2549920611155 3.2399813346327
1.9900510486144e-16            3.25
-0.2549920611155 3.2399813346327
-0.50841201138075 3.2099871069342
-0.75869743253169 3.1602022412924
-1.0043052317186 3.0909336779592
-1.2437211551865 3.0026084806617
-1.4754691241535 2.8957712036122
-1.6981203353268 2.7710805341508
-1.9103020699505 2.6293052317186
-2.1107061570731 2.4713193882001
-2.2980970388563 2.2980970388563
-2.4713193882001 2.1107061570731
-2.6293052317186 1.9103020699505
-2.7710805341508 1.6981203353268
-2.8957712036122 1.4754691241535
-3.0026084806617 1.2437211551865
-3.0909336779592 1.0043052317186
-3.1602022412924 0.75869743253169
-3.2099871069342 0.50841201138075
-3.2399813346327 0.2549920611155
          -3.25 3.9801020972289e-16
-3.2399813346327 -0.25499206111549
-3.2099871069342 -0.50841201138075
-3.1602022412924 -0.75869743253169
-3.0909336779592 -1.0043052317186
-3.0026084806617 -1.2437211551865
-2.8957712036122 -1.4754691241535
-2.7710805341508 -1.6981203353268
-2.6293052317186 -1.9103020699505
-2.4713193882001 -2.1107061570731
-2.2980970388563 -2.2980970388563
-2.1107061570731 -2.4713193882001
-1.9103020699505 -2.6293052317186
-1.6981203353268 -2.7710805341508
-1.4754691241535 -2.8957712036122
-1.2437211551865 -3.0026084806617
-1.0043052317186 -3.0909336779592
-0.75869743253169 -3.1602022412924
-0.50841201138075 -3.2099871069342
-0.2549920611155 -3.2399813346327
-5.9701531458433e-16           -3.25
0.2549920611155 -3.2399813346327
0.50841201138075 -3.2099871069342
0.75869743253169 -3.1602022412924
1.0043052317186 -3.0909336779592
1.2437211551865 -3.0026084806617
1.4754691241535 -2.8957712036122
1.6981203353268 -2.7710805341508
1.9103020699505 -2.6293052317186
2.1107061570731 -2.4713193882001
2.2980970388563 -2.2980970388563
2.4713193882001 -2.1107061570731
2.6293052317186 -1.9103020699505
2.7710805341508 -1.6981203353268
2.8957712036122 -1.4754691241535
3.0026084806617 -1.2437211551865
3.0909336779592 -1.0043052317186
3.1602022412924 -0.75869743253169
3.2099871069342 -0.50841201138075
3.2399813346327 -0.2549920611155
          2.875               0
2.8549935534671 0.25420600569038
2.8360032447324 0.47126622777404
2.7764765302449 0.71921283794295
 2.720082614962 0.92967779501638
2.6225013777885 1.1652597412338
2.5304173565366 1.3627345620768
2.3971843705898 1.5801510349753
 2.272208169758 1.7586355470834
2.1066040733269 1.9525330315363
1.9525330315363 2.1066040733269
1.7586355470834  2.272208169758
1.5801510349753 2.3971843705898
1.3627345620768 2.5304173565366
1.1652597412338 2.6225013777885
0.92967779501638  2.720082614962
0.71921283794295 2.7764765302449
0.47126622777404 2.8360032447324
0.25420600569038 2.8549935534671
1.7604297737743e-16           2.875
-0.25420600569037 2.8549935534671
-0.47126622777404 2.8360032447324
-0.71921283794295 2.7764765302449
-0.92967779501638  2.720082614962
-1.1652597412338 2.6225013777885
-1.3627345620768 2.5304173565366
-1.5801510349753 2.3971843705898
-1.7586355470834  2.272208169758
-1.9525330315363 2.1066040733269
-2.1066040733269 1.9525330315363
-2.272208169758 1.7586355470834
-2.3971843705898 1.5801510349753
-2.5304173565366 1.3627345620768
-2.6225013777885 1.1652597412338
-2.720082614962 0.92967779501638
-2.7764765302449 0.71921283794295
-2.8360032447324 0.47126622777404
-2.8549935534671 0.25420600569038
         -2.875 3.5208595475486e-16
-2.8549935534671 -0.25420600569037
-2.8360032447324 -0.47126622777404
-2.7764765302449 -0.71921283794295
-2.720082614962 -0.92967779501637
-2.6225013777885 -1.1652597412338
-2.5304173565366 -1.3627345620768
-2.3971843705898 -1.5801510349753
-2.272208169758 -1.7586355470834
-2.1066040733269 -1.9525330315363
-1.9525330315363 -2.1066040733269
-1.7586355470834 -2.272208169758
-1.5801510349753 -2.3971843705898
-1.3627345620768 -2.5304173565366
-1.1652597412338 -2.6225013777885
-0.92967779501638 -2.720082614962
-0.71921283794295 -2.7764765302449
-0.47126622777404 -2.8360032447324
-0.25420600569038 -2.8549935534671
-5.281289321323e-16          -2.875
0.25420600569037 -2.8549935534671
0.47126622777404 -2.8360032447324
0.71921283794295 -2.7764765302449
0.92967779501638 -2.720082614962
1.1652597412338 -2.6225013777885
1.3627345620768 -2.5304173565366
1.5801510349753 -2.3971843705898
1.7586355470834 -2.272208169758
1.9525330315363 -2.1066040733269
2.1066040733269 -1.9525330315363
 2.272208169758 -1.7586355470834
2.3971843705898 -1.5801510349753
2.5304173565366 -1.3627345620768
2.6225013777885 -1.1652597412338
 2.720082614962 -0.92967779501638
2.7764765302449 -0.71921283794295
2.8360032447324 -0.47126622777404
2.8549935534671 -0.25420600569038
          3.625               0
3.6046428837619 0.28462967654657
 3.584636437229 0.53883568223695
3.5239795006961 0.81767111937323
3.4644527862086 1.0656177295421
3.3647308296887 1.3329826418631
3.2671495925151 1.5685645880805
3.1303926674685  1.819016196988
2.9971596815217 2.0364326698865
2.8261517645678 2.2648725028658
2.6605476681367 2.4587699873187
2.4587699873187 2.6605476681367
2.2648725028658 2.8261517645678
2.0364326698865 2.9971596815217
 1.819016196988 3.1303926674685
1.5685645880805 3.2671495925151
1.3329826418631 3.3647308296887
1.0656177295421 3.4644527862086
0.81767111937323 3.5239795006961
0.53883568223695  3.584636437229
0.28462967654657 3.6046428837619
6.6605644219552e-16           3.625
-0.28462967654657 3.6046428837619
-0.53883568223694  3.584636437229
-0.81767111937323 3.5239795006961
-1.0656177295421 3.4644527862086
-1.3329826418631 3.3647308296887
-1.5685645880805 3.2671495925151
-1.819016196988 3.1303926674685
-2.0364326698865 2.9971596815217
-2.2648725028658 2.8261517645678
-2.4587699873187 2.6605476681367
-2.6605476681367 2.4587699873187
-2.8261517645678 2.2648725028658
-2.9971596815217 2.0364326698865
-3.1303926674685  1.819016196988
-3.2671495925151 1.5685645880805
-3.3647308296887 1.3329826418631
-3.4644527862086 1.0656177295421
-3.5239795006961 0.81767111937323
-3.584636437229 0.53883568223695
-3.6046428837619 0.28462967654657
         -3.625 1.332112884391e-15
-3.6046428837619 -0.28462967654657
-3.584636437229 -0.53883568223694
-3.5239795006961 -0.81767111937323
-3.4644527862086 -1.0656177295421
-3.3647308296887 -1.3329826418631
-3.2671495925151 -1.5685645880805
-3.1303926674685 -1.819016196988
-2.9971596815217 -2.0364326698865
-2.8261517645678 -2.2648725028658
-2.6605476681367 -2.4587699873187
-2.4587699873187 -2.6605476681367
-2.2648725028658 -2.8261517645678
-2.0364326698865 -2.9971596815217
-1.819016196988 -3.1303926674685
-1.5685645880805 -3.2671495925151
-1.3329826418631 -3.3647308296887
-1.0656177295421 -3.4644527862086
-0.81767111937323 -3.5239795006961
-0.53883568223695 -3.584636437229
-0.28462967654657 -3.6046428837619
-6.6590169703637e-16          -3.625
0.28462967654657 -3.6046428837619
0.53883568223694 -3.584636437229
0.81767111937323 -3.5239795006961
1.0656177295421 -3.4644527862086
1.3329826418631 -3.3647308296887
1.5685645880805 -3.2671495925151
 1.819016196988 -3.1303926674685
2.0364326698865 -2.9971596815217
2.2648725028658 -2.8261517645678
2.4587699873187 -2.6605476681367
2.6605476681367 -2.4587699873187
2.8261517645678 -2.2648725028658
2.9971596815217 -2.0364326698865
3.1303926674685 -1.819016196988
3.2671495925151 -1.5685645880805
3.3647308296887 -1.3329826418631
3.4644527862086 -1.0656177295421
3.5239795006961 -0.81767111937324
 3.584636437229 -0.53883568223695
3.6046428837619 -0.28462967654657
              4               0
 3.989808458441 0.28535673279693
3.9592857675237 0.56925935309314
3.9085874638846 0.85026115821191
 3.837971894458 1.1269302273657
 3.747798899999 1.3978567183964
3.6385279814181 1.6616600520075
 3.510715958269 1.9169959468802
3.3650141313247 2.1625632698224
3.2021649636974 2.3971106660454
 3.022998297417 2.6194429357811
2.8284271247462 2.8284271247462
2.6194429357811  3.022998297417
2.3971106660454 3.2021649636974
2.1625632698224 3.3650141313247
1.9169959468802  3.510715958269
1.6616600520075 3.6385279814181
1.3978567183964  3.747798899999
1.1269302273657  3.837971894458
0.85026115821191 3.9085874638846
0.56925935309314 3.9592857675237
0.28535673279693  3.989808458441
1.1331077795296e-15               4
-0.28535673279693  3.989808458441
-0.56925935309314 3.9592857675237
-0.85026115821191 3.9085874638846
-1.1269302273657  3.837971894458
-1.3978567183964  3.747798899999
-1.6616600520075 3.6385279814181
-1.9169959468802  3.510715958269
-2.1625632698224 3.3650141313247
-2.3971106660454 3.2021649636974
-2.6194429357811  3.022998297417
-2.8284271247462 2.8284271247462
-3.022998297417 2.6194429357811
-3.2021649636974 2.3971106660454
-3.3650141313247 2.1625632698224
-3.510715958269 1.9169959468802
-3.6385279814181 1.6616600520075
-3.747798899999 1.3978567183964
-3.837971894458 1.1269302273657
-3.9085874638846 0.85026115821191
-3.9592857675237 0.56925935309314
-3.989808458441 0.28535673279693
             -4 2.2662155590592e-15
-3.989808458441 -0.28535673279693
-3.9592857675237 -0.56925935309314
-3.9085874638846 -0.85026115821191
-3.837971894458 -1.1269302273657
-3.747798899999 -1.3978567183964
-3.6385279814181 -1.6616600520075
-3.510715958269 -1.9169959468802
-3.3650141313247 -2.1625632698224
-3.2021649636974 -2.3971106660454
-3.022998297417 -2.6194429357811
-2.8284271247462 -2.8284271247462
-2.6194429357811 -3.022998297417
-2.3971106660454 -3.2021649636974
-2.1625632698224 -3.3650141313247
-1.9169959468802 -3.510715958269
-1.6616600520075 -3.6385279814181
-1.3978567183964 -3.747798899999
-1.1269302273657 -3.837971894458
-0.85026115821191 -3.9085874638846
-0.56925935309314 -3.9592857675237
-0.28535673279693 -3.989808458441
-7.3478807948841e-16              -4
0.28535673279693 -3.989808458441
0.56925935309314 -3.9592857675237
0.85026115821191 -3.9085874638846
1.1269302273657 -3.837971894458
1.3978567183964 -3.747798899999
1.6616600520075 -3.6385279814181
1.9169959468802 -3.510715958269
2.1625632698224 -3.3650141313247
2.3971106660454 -3.2021649636974
2.6194429357811 -3.022998297417
2.8284271247462 -2.8284271247462
 3.022998297417 -2.6194429357811
3.2021649636974 -2.3971106660454
3.3650141313247 -2.1625632698224
 3.510715958269 -1.9169959468802
3.6385279814181 -1.6616600520075
 3.747798899999 -1.3978567183964
 3.837971894458 -1.1269302273657
3.9085874638846 -0.85026115821191
3.9592857675237 -0.56925935309314
 3.989808458441 -0.28535673279693
              1               0
0.99371220989324 0.11196447610331
0.97492791218182 0.22252093395631
0.94388333030837 0.33027906195517
0.90096886790242 0.43388373911756
0.84672419922828 0.53203207651534
0.78183148246803 0.62348980185873
0.70710678118655 0.70710678118655
0.62348980185873 0.78183148246803
0.53203207651534 0.84672419922828
0.43388373911756 0.90096886790242
0.33027906195517 0.94388333030837
0.22252093395631 0.97492791218182
0.11196447610331 0.99371220989324
6.1232339957368e-17               1
-0.11196447610331 0.99371220989324
-0.22252093395631 0.97492791218182
-0.33027906195517 0.94388333030837
-0.43388373911756 0.90096886790242
-0.53203207651534 0.84672419922828
-0.62348980185873 0.78183148246803
-0.70710678118655 0.70710678118655
-0.78183148246803 0.62348980185873
-0.84672419922828 0.53203207651534
-0.90096886790242 0.43388373911756
-0.94388333030837 0.33027906195517
-0.97492791218182 0.22252093395631
-0.99371220989324 0.11196447610331
             -1 1.2246467991474e-16
-0.99371220989324 -0.11196447610331
-0.97492791218182 -0.22252093395631
-0.94388333030837 -0.33027906195517
-0.90096886790242 -0.43388373911756
-0.84672419922828 -0.53203207651534
-0.78183148246803 -0.62348980185873
-0.70710678118655 -0.70710678118655
-0.62348980185873 -0.78183148246803
-0.53203207651534 -0.84672419922828
-0.43388373911756 -0.90096886790242
-0.33027906195517 -0.94388333030837
-0.22252093395631 -0.97492791218182
-0.11196447610331 -0.99371220989324
-1.836970198721e-16              -1
0.11196447610331 -0.99371220989324
0.22252093395631 -0.97492791218182
0.33027906195517 -0.94388333030837
0.43388373911756 -0.90096886790242
0.53203207651534 -0.84672419922828
0.62348980185873 -0.78183148246803
0.70710678118655 -0.70710678118655
0.78183148246803 -0.62348980185873
0.84672419922828 -0.53203207651534
0.90096886790242 -0.43388373911756
0.94388333030837 -0.33027906195517
0.97492791218182 -0.22252093395631
0.99371220989324 -0.11196447610331
   593      1      3      2     66     65
   593      3    595     67    594     66
   595      3      5      4     68     67
   595      5    597     69    596     68
   597      5      7      6     70     69
   597      7    599     71    598     70
   599      7      9      8     72     71
   599      9    601     73    600     72
   601      9     11     10     74     73
   601     11    603     75    602     74
   603     11     13     12     76     75
   603     13    605     77    604     76
   605     13     15     14     78     77
   605     15    607     79    606     78
   607     15     17     16     80     79
   607     17     19     18     81     80
   607     19    609     82    608     81
   609     19     21     20     83     82
   609     21    611     84    610     83
   611     21     23     22     85     84
   611     23    613     86    612     85
   613     23     25     24     87     86
   613     25    615     88    614     87
   615     25     27     26     89     88
   615     27    617     90    616     89
   617     27     29     28     91     90
   617     29    619     92    618     91
   619     29     31     30     93     92
   619     31    621     94    620     93
   621     31     33     32     95     94
   621     33     35     34     96     95
   621     35    623     97    622     96
   623     35     37     36     98     97
   623     37    625     99    624     98
   625     37     39     38    100     99
   625     39    627    101    626    100
   627     39     41     40    102    101
   627     41    629    103    628    102
   629     41     43     42    104    103
   629     43    631    105    630    104
   631     43     45     44    106    105
   631     45    633    107    632    106
   633     45     47     46    108    107
   633     47    635    109    634    108
   635     47     49     48    110    109
   635     49     51     50    111    110
   635     51    637    112    636    111
   637     51     53     52    113    112
   637     53    639    114    638    113
   639     53     55     54    115    114
   639     55    641    116    640    115
   641     55     57     56    117    116
   641     57    643    118    642    117
   643     57     59     58    119    118
   643     59    645    120    644    119
   645     59     61     60    121    120
   645     61    647    122    646    121
   647     61     63     62    123    122
   647     63    593    124    648    123
   593     63      1     64     65    124
     1    125    127    126    198    197
     1    127      3    199      2    198
     3    127    129    128    200    199
     3    129      5    201      4    200
     5    129    131    130    202    201
     5    131      7    203      6    202
     7    131    133    132    204    203
     7    133      9    205      8    204
     9    133    135    134    206    205
     9    135     11    207     10    206
    11    135    137    136    208    207
    11    137     13    209     12    208
    13    137    139    138    210    209
    13    139     15    211     14    210
    15    139    141    140    212    211
    15    141     17    213     16    212
    17    141    143    142    214    213
    17    143    145    144    215    214
    17    145     19    216     18    215
    19    145    147    146    217    216
    19    147     21    218     20    217
    21    147    149    148    219    218
    21    149     23    220     22    219
    23    149    151    150    221    220
    23    151     25    222     24    221
    25    151    153    152    223    222
    25    153     27    224     26    223
    27    153    155    154    225    224
    27    155     29    226     28    225
    29    155    157    156    227    226
    29    157     31    228     30    227
    31    157    159    158    229    228
    31    159     33    230     32    229
    33    159    161    160    231    230
    33    161    163    162    232    231
    33    163     35    233     34    232
    35    163    165    164    234    233
    35    165     37    235     36    234
    37    165    167    166    236    235
    37    167     39    237     38    236
    39    167    169    168    238    237
    39    169     41    239     40    238
    41    169    171    170    240    239
    41    171     43    241     42    240
    43    171    173    172    242    241
    43    173     45    243     44    242
    45    173    175    174    244    243
    45    175     47    245     46    244
    47    175    177    176    246    245
    47    177     49    247     48    246
    49    177    179    178    248    247
    49    179    181    180    249    248
    49    181     51    250     50    249
    51    181    183    182    251    250
    51    183     53    252     52    251
    53    183    185    184    253    252
    53    185     55    254     54    253
    55    185    187    186    255    254
    55    187     57    256     56    255
    57    187    189    188    257    256
    57    189     59    258     58    257
    59    189    191    190    259    258
    59    191     61    260     60    259
    61    191    193    192    261    260
    61    193     63    262     62    261
    63    193    195    194    263    262
    63    195      1    264     64    263
     1    195    125    196    197    264
   125    265    267    266    346    345
   125    267    127    347    126    346
   127    267    269    268    348    347
   127    269    129    349    128    348
   129    269    271    270    350    349
   129    271    131    351    130    350
   131    271    273    272    352    351
   131    273    133    353    132    352
   133    273    275    274    354    353
   133    275    135    355    134    354
   135    275    277    276    356    355
   135    277    137    357    136    356
   137    277    279    278    358    357
   137    279    139    359    138    358
   139    279    281    280    360    359
   139    281    141    361    140    360
   141    281    283    282    362    361
   141    283    143    363    142    362
   143    283    285    284    364    363
   143    285    287    286    365    364
   143    287    145    366    144    365
   145    287    289    288    367    366
   145    289    147    368    146    367
   147    289    291    290    369    368
   147    291    149    370    148    369
   149    291    293    292    371    370
   149    293    151    372    150    371
   151    293    295    294    373    372
   151    295    153    374    152    373
   153    295    297    296    375    374
   153    297    155    376    154    375
   155    297    299    298    377    376
   155    299    157    378    156    377
   157    299    301    300    379    378
   157    301    159    380    158    379
   159    301    303    302    381    380
   159    303    161    382    160    381
   161    303    305    304    383    382
   161    305    307    306    384    383
   161    307    163    385    162    384
   163    307    309    308    386    385
   163    309    165    387    164    386
   165    309    311    310    388    387
   165    311    167    389    166    388
   167    311    313    312    390    389
   167    313    169    391    168    390
   169    313    315    314    392    391
   169    315    171    393    170    392
   171    315    317    316    394    393
   171    317    173    395    172    394
   173    317    319    318    396    395
   173    319    175    397    174    396
   175    319    321    320    398    397
   175    321    177    399    176    398
   177    321    323    322    400    399
   177    323    179    401    178    400
   179    323    325    324    402    401
   179    325    327    326    403    402
   179    327    181    404    180    403
   181    327    329    328    405    404
   181    329    183    406    182    405
   183    329    331    330    407    406
   183    331    185    408    184    407
   185    331    333    332    409    408
   185    333    187    410    186    409
   187    333    335    334    411    410
   187    335    189    412    188    411
   189    335    337    336    413    412
   189    337    191    414    190    413
   191    337    339    338    415    414
   191    339    193    416    192    415
   193    339    341    340    417    416
   193    341    195    418    194    417
   195    341    343    342    419    418
   195    343    125    420    196    419
   125    343    265    344    345    420
   265    505    507    506    422    421
   265    507    267    423    266    422
   267    507    509    508    424    423
   267    509    269    425    268    424
   269    509    511    510    426    425
   269    511    271    427    270    426
   271    511    513    512    428    427
   271    513    273    429    272    428
   273    513    515    514    430    429
   273    515    275    431    274    430
   275    515    517    516    432    431
   275    517    277    433    276    432
   277    517    519    518    434    433
   277    519    279    435    278    434
   279    519    521    520    436    435
   279    521    281    437    280    436
   281    521    523    522    438    437
   281    523    283    439    282    438
   283    523    525    524    440    439
   283    525    285    441    284    440
   285    525    527    526    442    441
   285    527    529    528    443    442
   285    529    287    444    286    443
   287    529    531    530    445    444
   287    531    289    446    288    445
   289    531    533    532    447    446
   289    533    291    448    290    447
   291    533    535    534    449    448
   291    535    293    450    292    449
   293    535    537    536    451    450
   293    537    295    452    294    451
   295    537    539    538    453    452
   295    539    297    454    296    453
   297    539    541    540    455    454
   297    541    299    456    298    455
   299    541    543    542    457    456
   299    543    301    458    300    457
   301    543    545    544    459    458
   301    545    303    460    302    459
   303    545    547    546    461    460
   303    547    305    462    304    461
   305    547    549    548    463    462
   305    549    551    550    464    463
   305    551    307    465    306    464
   307    551    553    552    466    465
   307    553    309    467    308    466
   309    553    555    554    468    467
   309    555    311    469    310    468
   311    555    557    556    470    469
   311    557    313    471    312    470
   313    557    559    558    472    471
   313    559    315    473    314    472
   315    559    561    560    474    473
   315    561    317    475    316    474
   317    561    563    562    476    475
   317    563    319    477    318    476
   319    563    565    564    478    477
   319    565    321    479    320    478
   321    565    567    566    480    479
   321    567    323    481    322    480
   323    567    569    568    482    481
   323    569    325    483    324    482
   325    569    571    570    484    483
   325    571    573    572    485    484
   325    573    327    486    326    485
   327    573    575    574    487    486
   327    575    329    488    328    487
   329    575    577    576    489    488
   329    577    331    490    330    489
   331    577    579    578    491    490
   331    579    333    492    332    491
   333    579    581    580    493    492
   333    581    335    494    334    493
   335    581    583    582    495    494
   335    583    337    496    336    495
   337    583    585    584    497    496
   337    585    339    498    338    497
   339    585    587    586    499    498
   339    587    341    500    340    499
   341    587    589    588    501    500
   341    589    343    502    342    501
   343    589    591    590    503    502
   343    591    265    504    344    503
   265    591    505    592    421    504
   593 
   594 
   595 
   596 
   597 
   598 
   599 
   600 
   601 
   602 
   603 
   604 
   605 
   606 
   607 
   608 
   609 
   610 
   611 
   612 
   613 
   614 
   615 
   616 
   617 
   618 
   619 
   620 
   621 
   622 
   623 
   624 
   625 
   626 
   627 
   628 
   629 
   630 
   631 
   632 
   633 
   634 
   635 
   636 
   637 
   638 
   639 
   640 
   641 
   642 
   643 
   644 
   645 
   646 
   647 
   648 
   505 
   506 
   507 
   508 
   509 
   510 
   511 
   512 
   513 
   514 
   515 
   516 
   517 
   518 
   519 
   520 
   521 
   522 
   523 
   524 
   525 
   526 
   527 
   528 
   529 
   530 
   531 
   532 
   533 
   534 
   535 
   536 
   537 
   538 
   539 
   540 
   541 
   542 
   543 
   544 
   545 
   546 
   547 
   548 
   549 
   550 
   551 
   552 
   553 
   554 
   555 
   556 
   557 
   558 
   559 
   560 
   561 
   562 
   563 
   564 
   565 
   566 
   567 
   568 
   569 
   570 
   571 
   572 
   573 
   574 
   575 
   576 
   577 
   578 
   579 
   580 
   581 
   582 
   583 
   584 
   585 
   586 
   587 
   588 
   589 
   590 
   591 
   592 
              1
              1
              1
              1
              1
              1
              1
              1
              1
              1
              1
              1
              1
              1
              1
              1
              1
              1
              1
              1
              1
              1
              1
              1
              1
              1
              1
              1
              1
              1
              1
              1
              1
              1
              1
              1
              1
              1
              1
              1
              1
              1
              1
              1
              1
              1
              1
              1
              1
              1
              1
              1
              1
              1
              1
              1
              1
              1
              1
              1
              1
              1
              1
              1
              1
              1
              1
              1
              1
              1
              1
              1
              1
              1
              1
              1
              1
              1
              1
              1
              1
              1
              1
              1
              1
              1
              1
              1
              1
              1
              1
              1
              1
              1
              1
              1
              1
              1
              1
              1
              1
              1
              1
              1
              1
              1
              1
              1
              1
              1
              1
              1
              1
              1
              1
              1
              1
              1
              1
              1
              1
              1
              1
              1
              1
              1
              1
              1
              1
              1
              1
              1
              1
              1
              1
              1
              1
              1
              1
              1
              1
              1
              1
              1
              1
              1
              1
              1
              1
              1
              1
              1
              1
              1
              1
              1
              1
              1
              1
              1
              1
              1
              1
              1
              1
              1
              1
              1
              1
              1
              1
              1
              1
              1
              1
              1
              1
              1
              1
              1
              1
              1
              1
              1
              1
              1
              1
              1
              1
              1
              1
              1
              1
              1
              1
              1
              1
              1
              1
              1
              1
              1
              1
              1
              1
              1
              1
              1
              1
              1
              1
              1
              1
              1
              1
              1
              1
              1
              1
              1
              1
              1
              1
              1
              1
              1
              1
              1
              1
              1
              1
              1
              1
              1
              1
              1
              1
              1
              1
              1
              1
              1
              1
              1
              1
              1
              1
              1
              1
              1
              1
              1
              1
              1
              1
              1
              1
              1
              1
              1
              1
              1
              1
              1
              1
              1
              1
              1
              1
              1
              1
              1
              1
              1
              1
              1
              1
              1
              1
              1
              1
              1
              1
              1
              1
              1
              1
              1
