TM resonant wavenumbers:  
     1 1.0246080650488               0
     2 1.1123812581293               0
     3 1.1123812581294               0
     4 1.3308141185726               0
     5 1.3310309775164               0
     6 1.6079893662642               0
     7 1.6079893662642               0
     8  1.901851304205               0
     9 1.9019115638934               0
    10 2.0872922087435               0
    11 2.1419857040573               0
    12 2.1419857040573               0
    13 2.1974116315464               0
    14 2.1974116315464               0
    15 2.2959693174518               0
    16 2.2981802858301               0
    17 2.4907163616246               0
    18 2.4912345672604               0
    19 2.5294391172607               0
    20 2.5294391172608               0
    21 2.7825476990202               0
    22 2.7825476990203               0
    23 2.8104762762688               0
    24 2.8117733541106               0
    25 3.0721501443217               0
    26 3.0735513055013               0
    27 3.1183177444178               0
    28 3.1183177444179               0
    29 3.1773590310488               0
    30 3.2193568151896               0
    31 3.2193568151896               0
    32 3.3371878435566               0
    33 3.3446148208279               0
    34 3.3626761808578               0
    35 3.3626761808578               0
    36 3.4355910102837               0
    37 3.4358556875262               0
    38 3.5303642853226               0
    39 3.5303642853226               0
    40 3.6512426228145               0
    41 3.6542843721196               0
    42  3.754883693326               0
    43  3.754883693326               0
    44  3.769455998266               0
    45 3.7721704037301               0
    46 3.9438570042189               0
    47  3.943857004219               0
    48 4.0481139758142               0
    49 4.0481139758142               0
    50 4.0722167881825               0
    51 4.0754784469307               0
    52 4.2147699295958               0
    53 4.2340031128056               0
    54 4.2397349794128               0
    55 4.2498282412943               0
    56 4.2498282412943               0
    57  4.345074350263               0
    58  4.347284703644               0
    59  4.361248237648               0
    60 4.3693912549602               0
    61 4.3937277640753               0
    62 4.3937277640753               0
    63  4.531705466259               0
    64  4.531705466259               0
    65 4.5352995596922               0
    66 4.5352995596922               0
    67 4.6915423972717               0
    68 4.6915423972717               0
    69 4.7123794180035               0
    70 4.7214929595009               0
    71 4.7718916180993               0
    72 4.7995960202897               0
    73 4.8273823035984               0
    74 4.8368641266503               0
    75 5.0446541088128               0
    76 5.0446541088128               0
    77 5.0479146392617               0
    78 5.0544496414673               0
    79 5.0962860741853               0
    80 5.0962860741853               0
    81 5.1367397562997               0
    82 5.1367397562997               0
    83 5.3663910827851               0
    84 5.3879765261921               0
    85 5.4128723298384               0
    86 5.4302943900394               0
    87 5.4302943900394               0
    88 5.4439829897512               0
    89 5.4557524769996               0
    90 5.4744678938826               0
    91 5.7078540413236               0
    92 5.7078540413236               0
    93 5.7762644570086               0
    94 5.7762644570086               0
    95 5.7926833156711               0
    96 5.7926833156711               0
    97 5.8150434221214               0
    98 5.8172571396198               0
    99 5.8535939345753               0
   100 5.8985858842453               0
   101 5.8985858842453               0
   102 5.9726191568283               0
   103 5.9727456069835               0
   104 6.0114767756301               0
   105  6.057274643645               0
   106 6.0956444262939               0
   107 6.0956444262939               0
   108 6.1058783839838               0
   109 6.1196876181186               0
   110 6.1304549225173               0
   111 6.2002616186856               0
   112 6.2186177862235               0
   113 6.2186177862235               0
   114 6.2962741785808               0
   115 6.3036521936761               0
   116 6.3403602347236               0
   117 6.3403602347236               0
   118 6.4617361353271               0
   119 6.4617361353271               0
   120 6.4883322312399               0
   121 6.4883322312399               0
   122 6.4974324635446               0
   123 6.5957552515564               0
   124 6.5957552515565               0
   125 6.6199891455963               0
   126 6.6360689894465               0
   127 6.7230597404322               0
   128 6.7862296201446               0
   129 6.8391041041134               0
   130 6.8484242403197               0
   131   6.93382162674               0
   132 6.9699701580653               0
   133 6.9709583061477               0
   134 6.9709583061477               0
   135 7.0280160165594               0
   136 7.1016536241184               0
   137 7.1016536241184               0
   138 7.1453257964039               0
   139 7.1453257964039               0
   140 7.2826335023413               0
   141 7.2826335023414               0
   142 7.2920818225281               0
   143 7.3361735384332               0
   144 7.3361735384332               0
   145 7.3690755375357               0
   146  7.393638158535               0
   147 7.3988622221278               0
   148 7.4942538222336               0
   149 7.5558213538821               0
   150 7.5781508373521               0
   151 7.5781508373521               0
   152  7.609284046411               0
   153 7.6558044638427               0
   154 7.6590991883579               0
   155 7.6917910586979               0
   156 7.6961868522997               0
   157 7.6961868522997               0
   158 7.7150137341741               0
   159 7.7712228227811               0
   160 7.8008566832299               0
   161 7.8008566832299               0
   162 7.8588159363482               0
   163 7.8618049800172               0
   164 7.8618049800172               0
   165 7.9088854605721               0
   166 7.9088854605721               0
   167 7.9572561124233               0
   168 7.9903306601875               0
   169 8.0188407596519               0
   170 8.1167211783597               0
   171 8.1335970626935               0
   172 8.1335970626935               0
   173 8.1401457821874               0
   174  8.175126422741               0
   175  8.175126422741               0
   176 8.1971371455342               0
   177   8.22614730709               0
   178 8.2261473070901               0
   179 8.2634437746874               0
   180 8.3971778627197               0
   181 8.4838752212283               0
   182 8.4838752212283               0
   183 8.5040452285575               0
   184 8.5228956259524               0
   185 8.5798125547654               0
   186 8.5798125547654               0
   187 8.6002972985801               0
   188 8.6244849364946               0
   189 8.6317327663681               0
   190 8.6539908854653               0
   191 8.6683662675627               0
   192 8.6683662675627               0
   193 8.7451382671309               0
   194   8.89644652406               0
   195   8.89644652406               0
   196 8.9016208869172               0
   197  8.987756123142               0
   198 8.9955889918169               0
   199 9.0503739506843               0
   200 9.0503739506843               0
   201 9.0689456848369               0
   202 9.1269648028385               0
   203 9.1269648028385               0
   204 9.1784436195184               0
   205 9.2020516477938               0
   206 9.2647641186074               0
   207 9.2647641186074               0
   208 9.2929997112136               0
   209 9.2929997112136               0
   210 9.3144387316617               0
   211 9.4159814708599               0
   212 9.4181754364239               0
   213 9.4476916730426               0
   214 9.4476916730426               0
   215 9.4610278094985               0
   216 9.4838808809506               0
   217 9.4965842318479               0
   218  9.498741668808               0
   219  9.498741668808               0
   220 9.5291073989892               0
   221 9.5630956179074               0
   222 9.6252956361102               0
   223 9.6252956361102               0
   224 9.7167075764447               0
   225 9.7608169410378               0
   226 9.7976770704188               0
   227 9.7976770704188               0
   228 9.7981436036416               0
   229 9.8058103811758               0
   230 9.8144140969976               0
   231 9.8611473228779               0
   232 9.8973913306542               0
   233 9.9139524975309               0
   234 9.9139524975309               0
   235 9.9909773299125               0
   236 9.9909773299125               0
   237 10.038066175954               0
   238 10.044783334754               0
   239 10.044783334754               0
   240 10.112612408532               0
   241 10.112612408532               0
   242 10.112970300941               0
   243 10.224978881341               0
   244 10.241490047324               0
   245 10.273283921537               0
   246 10.273283921537               0
   247 10.281872723326               0
   248 10.314381843405               0
   249 10.318420393396               0
   250 10.331271707723               0
   251 10.331271707723               0
   252  10.35194934368               0
   253 10.570995430751               0
   254 10.592780560308               0
   255 10.592780560308               0
   256 10.601704558441               0
   257 10.617369372287               0
   258 10.654536150068               0
   259 10.654536150068               0
   260 10.715776660804               0
   261 10.723699590278               0
   262 10.805383774216               0
   263 10.869780123892               0
   264 10.869780123892               0
   265 10.980419946687               0
   266 10.987506228311               0
   267 10.987506228311               0
   268 10.994316785358               0
   269 11.024693511044               0
   270 11.062579551343               0
   271 11.062579551343               0
   272  11.12249268533               0
   273 11.238018290943               0
   274 11.238018290943               0
   275 11.313031644311               0
   276 11.315341769631               0
   277 11.315341769631               0
   278 11.334661358121               0
   279 11.360492287683               0
   280 11.412800638137               0
   281 11.488552501562               0
   282 11.510956802299               0
   283 11.516868544451               0
   284 11.545362824328               0
   285 11.545362824328               0
   286 11.761587861349               0
   287 11.761587861349               0
   288  11.76491790721               0
   289 11.856657102799               0
   290 11.875943532424               0
   291 11.875943532424               0
   292 11.899648380124               0
   293 12.005447228691               0
   294 12.009739510173               0
   295 12.009739510173               0
   296 12.029228949801               0
   297 12.172729002001               0
   298 12.172729002001               0
   299 12.260242488986               0
   300 12.315774609954               0
   301 12.383041208293               0
   302 12.440291381638               0
   303 12.440291381638               0
   304 12.472902125377               0
   305 12.547614444963               0
   306 12.617499159495               0
   307 12.689830320401               0
   308 12.689830320401               0
   309 12.723549097021               0
   310 12.784645346681               0
   311 12.784645346681               0
   312 12.791631675444               0
   313 12.911024586499               0
   314 12.911024586499               0
   315   13.0682599348               0
   316 13.082668966216               0
   317 13.183495976204               0
   318 13.215022926347               0
   319 13.315197980637               0
   320 13.315197980637               0
   321 13.417919786875               0
   322 13.443340415409               0
   323 13.443340415409               0
   324 13.446315544831               0
   325 13.463867342801               0
   326 13.553180580237               0
   327 13.553180580237               0
   328 13.558898386053               0
   329 13.660956193125               0
   330 13.660956193125               0
   331 13.768514958653               0
   332  13.88323222444               0
   333  14.01268256816               0
   334 14.018897772467               0
   335 14.061628860841               0
   336 14.094481929536               0
   337 14.094481929536               0
   338 14.280478406558               0
   339 14.280478406558               0
   340 14.288705302506               0
   341 14.328873637131               0
   342 14.328873637131               0
   343  14.33607765011               0
   344 14.366873327844               0
   345 14.366873327844               0
   346 14.391585949128               0
   347 14.485007739407               0
   348  14.57021589937               0
   349 14.652093507971               0
   350  14.69635926564               0
   351 14.763971347539               0
   352 14.766103085324               0
   353 14.766103085324               0
   354 14.775727674057               0
   355 14.843808956942               0
   356 14.843808956942               0
   357 14.931870529657               0
   358 14.940380300102               0
   359 14.940380300102               0
   360 15.062951457404               0
   361 15.107851145216               0
   362 15.130622075986               0
   363 15.130622075986               0
   364  15.15693437793               0
   365 15.215696109549               0
   366 15.223773002384               0
   367 15.223773002385               0
   368 15.271995461674               0
   369 15.276537617523               0
   370 15.329743328526               0
   371 15.329743328526               0
   372 15.458044855444               0
   373 15.499617978307               0
   374 15.565258684602               0
   375 15.577053327536               0
   376 15.577053327536               0
   377 15.596755217946               0
   378 15.656019823327               0
   379 15.656019823327               0
   380 15.685653069811               0
   381 15.712033845604               0
   382 15.712033845604               0
   383 15.738495855837               0
   384 15.784150615027               0
   385 15.972373793474               0
   386 15.998592242352               0
   387 16.058877306876               0
   388 16.079418606767               0
   389 16.079418606767               0
   390 16.153161765238               0
   391 16.153161765238               0
   392 16.268414434757               0
   393 16.298094697628               0
   394 16.309682957401               0
   395 16.309682957401               0
   396 16.503719087179               0
   397 16.533062709931               0
   398 16.567339157888               0
   399 16.567339157888               0
   400 16.612690531561               0
   401 16.664420186688               0
   402 16.701584755786               0
   403 16.701584755786               0
   404 16.769760848525               0
   405 16.815220395683               0
   406 16.933583363477               0
   407 16.953860834502               0
   408 16.953860834502               0
   409 17.107434116922               0
   410  17.11804069345               0
   411 17.122152172161               0
   412 17.122152172161               0
   413  17.39372281394               0
   414 17.407313145157               0
   415 17.407313145157               0
   416 17.427096828822               0
   417  17.42976464114               0
   418 17.474750377278               0
   419 17.474750377278               0
   420 17.505102398292               0
   421 17.732926983442               0
   422 17.732926983442               0
   423 17.741156418067               0
   424 17.759168236791               0
   425 17.820521883858               0
   426 17.820521883858               0
   427 17.875859635164               0
   428 17.956041585666               0
   429 18.044522083687               0
   430 18.077174388516               0
   431 18.132318883385               0
   432 18.132318883385               0
   433 18.175531511994               0
   434 18.404591214085               0
   435 18.404591214085               0
   436 18.458608808869               0
   437 18.488228574138               0
   438 18.521084069243               0
   439 18.521084069243               0
   440 18.876658896946               0
   441 18.892210006226               0
   442 19.023037976448               0
   443 19.023037976448               0
   444 19.197919594369               0
   445 19.267512221833               0
   446 19.390484296989               0
   447 19.600943061968               0
   448 19.600943061968               0
   449 19.751352833121               0
   450 19.751352833121               0
   451 19.843126626534               0
   452 20.170915107426               0
   453 20.191755572796               0
   454 20.196394239202               0
   455 20.242482984005               0
   456 20.242482984005               0
   457 20.428633252835               0
   458 20.580515437667               0
   459 20.580515437667               0
   460 20.614559497338               0
   461 20.784185497878               0
   462 20.784185497878               0
   463 20.867366893272               0
   464   20.8705961845               0
   465 20.956416480407               0
   466 21.010817992853               0
   467 21.095166674314               0
   468 21.095166674314               0
   469 21.520520001732               0
   470 21.520520001732               0
   471 21.643637821519               0
   472 21.671583142153               0
   473 21.783109589267               0
   474 21.878702652183               0
   475 21.994269194893               0
   476 21.994269194893               0
   477 22.068646690326               0
   478 22.126689789481               0
   479 22.126689789481               0
   480 22.284768921725               0
   481 22.659672087729               0
   482 22.810982040186               0
   483 22.810982040186               0
   484 23.290325794667               0
   485 23.434267209495               0
   486 24.128522112353               0
   487 24.128522112353               0
   488  24.78415805069               0
   489 25.118793716619               0
   490 25.738533226315               0
   491 25.738533226315               0
   492 26.306547790446               0
   493 26.607422095827               0
   494 27.086487706106               0
   495 27.086487706106               0
   496  27.49460600568               0
   497 27.719389035207               0
   498 28.019184616629               0
   499 28.019184616629               0
   500 28.278021360316               0
   501 28.316143282002               0
   502 28.464748459129               0
   503 28.464748459129               0
   504 28.519877226583               0
