   161     80
     1               0
     2 0.00096153846153846
     3 0.0019230769230769
     4 0.0028846153846154
     5 0.0038461538461538
     6 0.0048076923076923
     7 0.0057692307692308
     8 0.0067307692307692
     9 0.0076923076923077
    10 0.0086538461538462
    11 0.0096153846153846
    12 0.010576923076923
    13 0.011538461538462
    14          0.0125
    15 0.013461538461538
    16 0.014423076923077
    17 0.015384615384615
    18 0.016346153846154
    19 0.017307692307692
    20 0.018269230769231
    21 0.019230769230769
    22 0.020192307692308
    23 0.021153846153846
    24 0.022115384615385
    25 0.023076923076923
    26 0.024038461538462
    27           0.025
    28 0.025961538461538
    29 0.026923076923077
    30 0.027884615384615
    31 0.028846153846154
    32 0.029807692307692
    33 0.030769230769231
    34 0.031730769230769
    35 0.032692307692308
    36 0.033653846153846
    37 0.034615384615385
    38 0.035576923076923
    39 0.036538461538462
    40          0.0375
    41 0.038461538461538
    42 0.039423076923077
    43 0.040384615384615
    44 0.041346153846154
    45 0.042307692307692
    46 0.043269230769231
    47 0.044230769230769
    48 0.045192307692308
    49 0.046153846153846
    50 0.047115384615385
    51 0.048076923076923
    52 0.049038461538462
    53            0.05
    54 0.057142857142857
    55 0.064285714285714
    56 0.071428571428571
    57 0.078571428571429
    58 0.085714285714286
    59 0.092857142857143
    60             0.1
    61 0.10714285714286
    62 0.11428571428571
    63 0.12142857142857
    64 0.12857142857143
    65 0.13571428571429
    66 0.14285714285714
    67            0.15
    68 0.15714285714286
    69 0.16428571428571
    70 0.17142857142857
    71 0.17857142857143
    72 0.18571428571429
    73 0.19285714285714
    74             0.2
    75 0.20714285714286
    76 0.21428571428571
    77 0.22142857142857
    78 0.22857142857143
    79 0.23571428571429
    80 0.24285714285714
    81            0.25
    82 0.25714285714286
    83 0.26428571428571
    84 0.27142857142857
    85 0.27857142857143
    86 0.28571428571429
    87 0.29285714285714
    88             0.3
    89 0.30714285714286
    90 0.31428571428571
    91 0.32142857142857
    92 0.32857142857143
    93 0.33571428571429
    94 0.34285714285714
    95            0.35
    96 0.35714285714286
    97 0.36428571428571
    98 0.37142857142857
    99 0.37857142857143
   100 0.38571428571429
   101 0.39285714285714
   102             0.4
   103 0.40714285714286
   104 0.41428571428571
   105 0.42142857142857
   106 0.42857142857143
   107 0.43571428571429
   108 0.44285714285714
   109            0.45
   110 0.45096153846154
   111 0.45192307692308
   112 0.45288461538462
   113 0.45384615384615
   114 0.45480769230769
   115 0.45576923076923
   116 0.45673076923077
   117 0.45769230769231
   118 0.45865384615385
   119 0.45961538461538
   120 0.46057692307692
   121 0.46153846153846
   122          0.4625
   123 0.46346153846154
   124 0.46442307692308
   125 0.46538461538462
   126 0.46634615384615
   127 0.46730769230769
   128 0.46826923076923
   129 0.46923076923077
   130 0.47019230769231
   131 0.47115384615385
   132 0.47211538461538
   133 0.47307692307692
   134 0.47403846153846
   135           0.475
   136 0.47596153846154
   137 0.47692307692308
   138 0.47788461538462
   139 0.47884615384615
   140 0.47980769230769
   141 0.48076923076923
   142 0.48173076923077
   143 0.48269230769231
   144 0.48365384615385
   145 0.48461538461538
   146 0.48557692307692
   147 0.48653846153846
   148          0.4875
   149 0.48846153846154
   150 0.48942307692308
   151 0.49038461538462
   152 0.49134615384615
   153 0.49230769230769
   154 0.49326923076923
   155 0.49423076923077
   156 0.49519230769231
   157 0.49615384615385
   158 0.49711538461538
   159 0.49807692307692
   160 0.49903846153846
   161             0.5
     1      1      2      3
     2      3      4      5
     3      5      6      7
     4      7      8      9
     5      9     10     11
     6     11     12     13
     7     13     14     15
     8     15     16     17
     9     17     18     19
    10     19     20     21
    11     21     22     23
    12     23     24     25
    13     25     26     27
    14     27     28     29
    15     29     30     31
    16     31     32     33
    17     33     34     35
    18     35     36     37
    19     37     38     39
    20     39     40     41
    21     41     42     43
    22     43     44     45
    23     45     46     47
    24     47     48     49
    25     49     50     51
    26     51     52     53
    27     53     54     55
    28     55     56     57
    29     57     58     59
    30     59     60     61
    31     61     62     63
    32     63     64     65
    33     65     66     67
    34     67     68     69
    35     69     70     71
    36     71     72     73
    37     73     74     75
    38     75     76     77
    39     77     78     79
    40     79     80     81
    41     81     82     83
    42     83     84     85
    43     85     86     87
    44     87     88     89
    45     89     90     91
    46     91     92     93
    47     93     94     95
    48     95     96     97
    49     97     98     99
    50     99    100    101
    51    101    102    103
    52    103    104    105
    53    105    106    107
    54    107    108    109
    55    109    110    111
    56    111    112    113
    57    113    114    115
    58    115    116    117
    59    117    118    119
    60    119    120    121
    61    121    122    123
    62    123    124    125
    63    125    126    127
    64    127    128    129
    65    129    130    131
    66    131    132    133
    67    133    134    135
    68    135    136    137
    69    137    138    139
    70    139    140    141
    71    141    142    143
    72    143    144    145
    73    145    146    147
    74    147    148    149
    75    149    150    151
    76    151    152    153
    77    153    154    155
    78    155    156    157
    79    157    158    159
    80    159    160    161
     1               1
     2               1
     3               1
     4               1
     5               1
     6               1
     7               1
     8               1
     9               1
    10               1
    11               1
    12               1
    13               1
    14               1
    15               1
    16               1
    17               1
    18               1
    19               1
    20               1
    21               1
    22               1
    23               1
    24               1
    25               1
    26               1
    27               5
    28               5
    29               5
    30               5
    31               5
    32               5
    33               5
    34               5
    35               5
    36               5
    37               5
    38               5
    39               5
    40               5
    41               5
    42               5
    43               5
    44               5
    45               5
    46               5
    47               5
    48               5
    49               5
    50               5
    51               5
    52               5
    53               5
    54               5
    55               1
    56               1
    57               1
    58               1
    59               1
    60               1
    61               1
    62               1
    63               1
    64               1
    65               1
    66               1
    67               1
    68               1
    69               1
    70               1
    71               1
    72               1
    73               1
    74               1
    75               1
    76               1
    77               1
    78               1
    79               1
    80               1
