                reflection coeff = 0.48242 100.355

         transmission coeff = 0.87594 10.355

     1 1.0292242847887 27.457354689159
     2 1.0236440912628 27.205263649536
     3 1.0180465683349 26.950404739825
     4 1.0124322525476 26.692723462352
     5 1.0068016895661 26.432164145816
     6 1.0011554342198   26.1686699197
     7 0.99549405091083 25.902182688394
     8 0.98981811367185 25.632643105061
     9 0.98412820658706 25.359990545274
    10 0.97842492386723 25.084163080444
    11 0.97270887028419 24.805097451101
    12 0.96698066126382 24.522729040039
    13 0.96124092333471 24.236991845391
    14 0.95549029423985 23.947818453671
    15 0.94972942340037 23.655140012851
    16 0.94395897204661 23.358886205521
    17 0.93817961369771 23.058985222205
    18 0.9323920343128 22.755363734911
    19 0.92659693278704 22.447946870988
    20 0.92079502112377 22.136658187383
    21 0.91498702494761 21.821419645399
    22 0.90917368369806 21.502151586051
    23 0.9033557511603 21.178772706148
    24 0.8975339956808 20.851200035212
    25 0.89170920071614 20.519348913388
    26 0.88588216507108 20.183132970478
    27 0.8800537034657 19.842464106274
    28 0.87422464679602 19.497252472354
    29 0.8683958427196 19.147406455539
    30 0.8625681559387 18.792832663208
    31 0.85674246880416 18.433435910696
    32 0.85091968162077 18.069119211011
    33 0.84510071326892 17.699783767127
    34 0.83928650153152 17.325328967125
    35 0.83347800373256 16.945652382478
    36 0.82767619708448 16.560649769797
    37 0.82188207934226  16.17021507638
    38 0.81609666916963 15.774240449915
    39 0.81032100680674 15.372616252732
    40 0.80455615445292 14.965231081019
    41 0.79880319694543 14.551971789425
    42 0.79306324215565 14.132723521536
    43 0.78733742167542 13.707369746696
    44 0.78162689122288 13.275792303719
    45 0.77593283133192  12.83787145202
    46 0.77025644776265 12.393485930768
    47 0.76459897218854 11.942513026668
    48 0.75896166260525 11.484828651008
    49 0.7533458040086 11.020307426661
    50 0.74775270879422 10.548822785734
    51 0.7421837174179 10.070247078603
    52 0.73664019877689 9.5844516951038
    53 0.73112355084258 9.0913071986542
    54 0.68824369915884 5.1739081771395
    55 0.64209345671646 0.71230524913095
    56 0.59398445416606 -4.4591040811777
    57 0.54559143462853 -10.548408195765
    58 0.49905251162863 -17.801768736993
    59 0.45707925375407 -26.469641025277
    60 0.42294662298881 -36.712736188158
    61 0.40018482216824 -48.431408004635
    62 0.39174567196493 -61.098331502929
    63 0.3988778830988 -73.807451836728
    64 0.42052006537959 -85.633890725409
    65 0.45382209780803 -96.011497408516
    66 0.49526292403965 -104.80939604102
    67 0.54152759966088 -112.17371248357
    68 0.58985355805551 -118.35202084447
    69 0.63805766255755 -123.5927779887
    70 0.68442990289887 -128.1077292222
    71 0.7276318057143 -132.06592494022
    72 0.76660048733855 -135.5992773342
    73 0.80049669585671 -138.81065357964
    74 0.82865390608187 -141.78132270894
    75 0.85056214426283 -144.57699024439
    76 0.86584021978601 -147.25249946546
    77 0.87423639866787 -149.8555055187
    78 0.87561086467034 -152.42944584352
    79 0.86994429628552 -155.01609400325
    80 0.85732576635653 -157.65794907941
    81 0.83796631223044 -160.40069675461
    82  0.812192246602 -163.29598534253
    83 0.78046502600328 -166.40478863226
    84 0.74338438533557 -169.80166686354
    85 0.7017212893904 -173.58025171121
    86 0.65644249577923 -177.86016560445
    87 0.60877281717843 177.20494337979
    88 0.56026277217034 171.42020833126
    89 0.51289956017627 164.54937023955
    90 0.46920985468688 156.33676185747
    91 0.43231294939615  146.5794939558
    92 0.40572143517962 135.27667656113
    93 0.39268303001563 122.81571950103
    94 0.39507163579072 110.01323186956
    95 0.41252913712456 97.836346702731
    96 0.44263855578621 86.984890839273
    97 0.48196976298772 77.711875041508
    98 0.52708318719867 69.934591526202
    99 0.57503777054789 63.422020771078
   100 0.62347906358225 57.919750710095
   101 0.67056784084796  53.20326622134
   102 0.71485973715934 49.090804993093
   103 0.75521870375131  45.43996533281
   104 0.79073897711461 42.139868510362
   105 0.82070835881321  39.10336542444
   106 0.84456751981861 36.260558371459
   107 0.86190124194823 33.553721435378
   108 0.87241515258466 30.933348459195
   109 0.87593977768491 28.355000351636
   110 0.87593977767522 28.008846505491
   111 0.87593977768497 27.662692659346
   112 0.87593977767528 27.316538813201
   113 0.87593977768503 26.970384967056
   114 0.87593977767534 26.624231120912
   115 0.87593977768509 26.278077274767
   116 0.8759397776754 25.931923428622
   117 0.87593977768515 25.585769582478
   118 0.87593977767545 25.239615736333
   119 0.87593977768521 24.893461890188
   120 0.87593977767551 24.547308044044
   121 0.87593977768526 24.201154197899
   122 0.87593977767556 23.855000351755
   123 0.87593977768531  23.50884650561
   124 0.87593977767561 23.162692659466
   125 0.87593977768536 22.816538813321
   126 0.87593977767566  22.47038496718
   127 0.87593977768541 22.124231121039
   128 0.8759397776757 21.778077274895
   129 0.87593977768545  21.43192342875
   130 0.87593977767575 21.085769582606
   131 0.87593977768549 20.739615736462
   132 0.87593977767579 20.393461890321
   133 0.87593977768553  20.04730804418
   134 0.87593977767582 19.701154198036
   135 0.87593977768556 19.355000351891
   136 0.87593977767586 19.008846505747
   137 0.8759397776856 18.662692659603
   138 0.87593977767589 18.316538813458
   139 0.87593977768563 17.970384967314
   140 0.87593977767592  17.62423112117
   141 0.87593977768566 17.278077275025
   142 0.87593977767594 16.931923428881
   143 0.87593977768568 16.585769582737
   144 0.87593977767597 16.239615736593
   145 0.8759397776857 15.893461890449
   146 0.87593977767599 15.547308044304
   147 0.87593977768573  15.20115419816
   148 0.87593977767601 14.855000352016
   149 0.87593977768574 14.508846505872
   150 0.87593977767603 14.162692659727
   151 0.87593977768576 13.816538813583
   152 0.87593977767604 13.470384967443
   153 0.87593977768577 13.124231121302
   154 0.87593977767605 12.778077275158
   155 0.87593977768578 12.431923429014
   156 0.87593977767606  12.08576958287
   157 0.87593977768579 11.739615736726
   158 0.87593977767606 11.393461890585
   159 0.87593977768579 11.047308044444
   160 0.87593977767607   10.7011541983
   161 0.87593977768579 10.355000352156
